wavelength continuum H1_lines metal_lines_Z1 metal_lines_Z2 metal_lines_Z3
91.0 8.10811e-38 0.0 0.0 0.0 0.0
94.0 8.10811e-38 0.0 0.0 0.0 0.0
96.0 8.10811e-38 0.0 0.0 0.0 0.0
98.0 8.10811e-38 0.0 0.0 0.0 0.0
100.0 8.10811e-38 0.0 0.0 0.0 0.0
102.0 8.10811e-38 0.0 0.0 0.0 0.0
104.0 8.10811e-38 0.0 0.0 0.0 0.0
106.0 8.10811e-38 0.0 0.0 0.0 0.0
108.0 8.10811e-38 0.0 0.0 0.0 0.0
110.0 8.10811e-38 0.0 0.0 0.0 0.0
114.0 8.10811e-38 0.0 0.0 0.0 0.0
118.0 8.10811e-38 0.0 0.0 0.0 0.0
121.0 8.10811e-38 0.0 0.0 0.0 0.0
125.0 8.10811e-38 0.0 0.0 0.0 0.0
127.0 8.10811e-38 0.0 0.0 0.0 0.0
128.0 8.10811e-38 0.0 0.0 0.0 0.0
131.0 8.10811e-38 0.0 0.0 0.0 0.0
132.0 8.10811e-38 0.0 0.0 0.0 0.0
134.0 8.10811e-38 0.0 0.0 0.0 0.0
137.0 8.10811e-38 0.0 0.0 0.0 0.0
140.0 8.10811e-38 0.0 0.0 0.0 0.0
143.0 8.10811e-38 0.0 0.0 0.0 0.0
147.0 8.10811e-38 0.0 0.0 0.0 0.0
151.0 8.10811e-38 0.0 0.0 0.0 0.0
155.0 8.10811e-38 0.0 0.0 0.0 0.0
159.0 8.10811e-38 0.0 0.0 0.0 0.0
162.0 8.10811e-38 0.0 0.0 0.0 0.0
166.0 8.10811e-38 0.0 0.0 0.0 0.0
170.0 8.10811e-38 0.0 0.0 0.0 0.0
173.0 8.10811e-38 0.0 0.0 0.0 0.0
177.0 8.10811e-38 0.0 0.0 0.0 0.0
180.0 8.10811e-38 0.0 0.0 0.0 0.0
182.0 8.10811e-38 0.0 0.0 0.0 0.0
186.0 8.10811e-38 0.0 0.0 0.0 0.0
191.0 8.10811e-38 0.0 0.0 0.0 0.0
194.0 8.10811e-38 0.0 0.0 0.0 0.0
198.0 8.10811e-38 0.0 0.0 0.0 0.0
202.0 8.10811e-38 0.0 0.0 0.0 0.0
205.0 8.10811e-38 0.0 0.0 0.0 0.0
210.0 8.10811e-38 0.0 0.0 0.0 0.0
216.0 8.10811e-38 0.0 0.0 0.0 0.0
220.0 8.10811e-38 0.0 0.0 0.0 0.0
223.0 8.10811e-38 0.0 0.0 0.0 0.0
227.0 8.10811e-38 0.0 0.0 0.0 0.0
230.0 8.10811e-38 0.0 0.0 0.0 0.0
234.0 8.10811e-38 0.0 0.0 0.0 0.0
240.0 8.10811e-38 0.0 0.0 0.0 0.0
246.0 8.10811e-38 0.0 0.0 0.0 0.0
252.0 8.10811e-38 0.0 0.0 0.0 0.0
257.0 8.10811e-38 0.0 0.0 0.0 0.0
260.0 8.10811e-38 0.0 0.0 0.0 0.0
264.0 8.10811e-38 0.0 0.0 0.0 0.0
269.0 8.10811e-38 0.0 0.0 0.0 0.0
274.0 8.10811e-38 0.0 0.0 0.0 0.0
279.0 8.10811e-38 0.0 0.0 0.0 0.0
284.0 8.10811e-38 0.0 0.0 0.0 0.0
290.0 8.10811e-38 0.0 0.0 0.0 0.0
296.0 8.10811e-38 0.0 0.0 0.0 0.0
301.0 8.10811e-38 0.0 0.0 0.0 0.0
308.0 8.10811e-38 0.0 0.0 0.0 0.0
318.0 8.10811e-38 0.0 0.0 0.0 0.0
328.0 8.10811e-38 0.0 0.0 0.0 0.0
338.0 8.10811e-38 0.0 0.0 0.0 0.0
348.0 8.10811e-38 0.0 0.0 0.0 0.0
357.0 8.10811e-38 0.0 0.0 0.0 0.0
366.0 8.10811e-38 0.0 0.0 0.0 0.0
375.0 8.10811e-38 0.0 0.0 0.0 0.0
385.0 8.10811e-38 0.0 0.0 0.0 0.0
395.0 8.10811e-38 0.0 0.0 0.0 0.0
405.0 8.10811e-38 0.0 0.0 0.0 0.0
414.0 8.10811e-38 0.0 0.0 0.0 0.0
422.0 8.10811e-38 0.0 0.0 0.0 0.0
430.0 8.10811e-38 0.0 0.0 0.0 0.0
441.0 8.10811e-38 0.0 0.0 0.0 0.0
451.0 8.10811e-38 0.0 0.0 0.0 0.0
460.0 8.10811e-38 0.0 0.0 0.0 0.0
470.0 8.10811e-38 0.0 0.0 0.0 0.0
480.0 8.10811e-38 0.0 0.0 0.0 0.0
490.0 8.10811e-38 0.0 0.0 0.0 0.0
500.0 8.10811e-38 0.0 0.0 0.0 0.0
506.0 8.10811e-38 0.0 0.0 0.0 0.0
512.0 8.10811e-38 0.0 0.0 0.0 0.0
520.0 8.10811e-38 0.0 0.0 0.0 0.0
530.0 8.10811e-38 0.0 0.0 0.0 0.0
540.0 8.10811e-38 0.0 0.0 0.0 0.0
550.0 8.10811e-38 0.0 0.0 0.0 0.0
560.0 8.10811e-38 0.0 0.0 0.0 0.0
570.0 8.10811e-38 0.0 0.0 0.0 0.0
580.0 8.10811e-38 0.0 0.0 0.0 0.0
590.0 8.10811e-38 0.0 0.0 0.0 0.0
600.0 8.10811e-38 0.0 0.0 0.0 0.0
610.0 8.10811e-38 0.0 0.0 0.0 0.0
620.0 8.10811e-38 0.0 0.0 0.0 0.0
630.0 8.10811e-38 0.0 0.0 0.0 0.0
640.0 8.10811e-38 0.0 0.0 0.0 0.0
650.0 8.10811e-38 0.0 0.0 0.0 0.0
658.0 8.10811e-38 0.0 0.0 0.0 0.0
665.0 8.10811e-38 0.0 0.0 0.0 0.0
675.0 8.10811e-38 0.0 0.0 0.0 0.0
685.0 8.10811e-38 0.0 0.0 0.0 0.0
695.0 8.10811e-38 0.0 0.0 0.0 0.0
705.0 8.10811e-38 0.0 0.0 0.0 0.0
716.0 8.10811e-38 0.0 0.0 0.0 0.0
726.0 8.10811e-38 0.0 0.0 0.0 0.0
735.0 8.10811e-38 0.0 0.0 0.0 0.0
745.0 8.10811e-38 0.0 0.0 0.0 0.0
755.0 8.10811e-38 0.0 0.0 0.0 0.0
765.0 8.10811e-38 0.0 0.0 0.0 0.0
775.0 8.10811e-38 0.0 0.0 0.0 0.0
785.0 8.10811e-38 0.0 0.0 0.0 0.0
795.0 8.10811e-38 0.0 0.0 0.0 0.0
805.0 8.10811e-38 0.0 0.0 0.0 0.0
815.0 8.10811e-38 0.0 0.0 0.0 0.0
825.0 8.10811e-38 0.0 0.0 0.0 0.0
835.0 8.10811e-38 0.0 0.0 0.0 0.0
845.0 8.10811e-38 0.0 0.0 0.0 0.0
855.0 8.10811e-38 0.0 0.0 0.0 0.0
865.0 8.10811e-38 0.0 0.0 0.0 0.0
875.0 8.10811e-38 0.0 0.0 0.0 0.0
885.0 8.10811e-38 0.0 0.0 0.0 0.0
895.0 8.10811e-38 0.0 0.0 0.0 0.0
905.0 8.10811e-38 0.0 0.0 0.0 0.0
915.0 8.10811e-38 0.0 0.0 0.0 0.0
925.0 8.10811e-38 0.0 0.0 0.0 0.0
935.0 8.10811e-38 0.0 0.0 0.0 0.0
945.0 8.10811e-38 0.0 0.0 0.0 0.0
955.0 8.10811e-38 0.0 0.0 0.0 0.0
965.0 8.10811e-38 0.0 0.0 0.0 0.0
975.0 8.10811e-38 0.0 0.0 0.0 0.0
985.0 8.10811e-38 0.0 0.0 0.0 0.0
995.0 8.10811e-38 0.0 0.0 0.0 0.0
1005.0 1.02617e-30 0.0 0.0 0.0 0.0
1015.0 1.1682e-30 0.0 0.0 0.0 0.0
1025.0 1.32663e-30 0.0 0.0 0.0 0.0
1035.0 1.50294e-30 0.0 0.0 0.0 0.0
1045.0 1.69874e-30 0.0 0.0 0.0 0.0
1055.0 1.91571e-30 0.0 0.0 0.0 0.0
1065.0 2.15565e-30 0.0 0.0 0.0 0.0
1075.0 2.42046e-30 0.0 0.0 0.0 0.0
1085.0 2.71217e-30 0.0 0.0 0.0 0.0
1095.0 3.03288e-30 0.0 0.0 0.0 0.0
1105.0 3.38485e-30 0.0 0.0 0.0 0.0
1115.0 3.77042e-30 0.0 0.0 0.0 0.0
1125.0 4.19208e-30 0.0 0.0 0.0 0.0
1135.0 4.65241e-30 0.0 0.0 0.0 0.0
1145.0 5.15414e-30 0.0 0.0 0.0 0.0
1155.0 5.70012e-30 0.0 0.0 0.0 0.0
1165.0 6.29332e-30 0.0 0.0 0.0 0.0
1175.0 6.93685e-30 0.0 0.0 0.0 0.0
1185.0 7.63394e-30 0.0 0.0 0.0 0.0
1195.0 8.38796e-30 0.0 0.0 0.0 0.0
1205.0 9.20241e-30 0.0 0.0 0.0 0.0
1215.0 1.00809e-29 0.0 0.0 0.0 0.0
1225.0 1.62649e-29 0.0 0.0 0.0 0.0
1235.0 1.90856e-29 0.0 0.0 0.0 0.0
1245.0 2.24752e-29 0.0 0.0 0.0 0.0
1255.0 2.65349e-29 0.0 0.0 0.0 0.0
1265.0 3.13761e-29 0.0 0.0 0.0 0.0
1275.0 3.71192e-29 0.0 0.0 0.0 0.0
1285.0 4.38931e-29 0.0 0.0 0.0 0.0
1295.0 5.18331e-29 0.0 0.0 0.0 0.0
1305.0 6.10797e-29 0.0 0.0 0.0 0.0
1315.0 7.17766e-29 0.0 0.0 0.0 0.0
1325.0 8.40684e-29 0.0 0.0 0.0 0.0
1335.0 9.80982e-29 0.0 0.0 0.0 3.12365e-27
1345.0 1.14005e-28 0.0 0.0 0.0 0.0
1355.0 1.31924e-28 0.0 0.0 0.0 0.0
1365.0 1.51978e-28 0.0 0.0 0.0 0.0
1375.0 1.74283e-28 0.0 0.0 0.0 0.0
1385.0 1.98942e-28 0.0 0.0 0.0 0.0
1395.0 2.26041e-28 0.0 0.0 0.0 0.0
1405.0 2.55652e-28 0.0 0.0 0.0 0.0
1415.0 2.87832e-28 0.0 0.0 0.0 0.0
1425.0 3.22618e-28 0.0 0.0 0.0 0.0
1435.0 3.60027e-28 0.0 0.0 0.0 0.0
1442.0 3.87776e-28 0.0 0.0 0.0 0.0
1447.0 4.08382e-28 0.0 0.0 0.0 0.0
1455.0 4.42702e-28 0.0 0.0 0.0 0.0
1465.0 4.87911e-28 0.0 0.0 0.0 0.0
1475.0 5.35636e-28 0.0 0.0 0.0 0.0
1485.0 5.85805e-28 0.0 0.0 0.0 0.0
1495.0 6.3833e-28 0.0 0.0 0.0 0.0
1505.0 6.92174e-28 0.0 0.0 0.0 0.0
1512.0 7.30448e-28 0.0 0.0 0.0 0.0
1517.0 7.58378e-28 0.0 0.0 0.0 0.0
1525.0 8.04046e-28 0.0 0.0 0.0 0.0
1535.0 8.62727e-28 0.0 0.0 0.0 0.0
1545.0 9.23045e-28 0.0 0.0 0.0 0.0
1555.0 9.84847e-28 0.0 0.0 0.0 0.0
1565.0 1.04797e-27 0.0 0.0 0.0 0.0
1575.0 1.11227e-27 0.0 0.0 0.0 0.0
1585.0 1.17755e-27 0.0 0.0 0.0 0.0
1595.0 1.24368e-27 0.0 0.0 0.0 0.0
1605.0 1.31047e-27 0.0 0.0 0.0 0.0
1615.0 1.37778e-27 0.0 0.0 0.0 0.0
1625.0 1.44543e-27 0.0 0.0 0.0 0.0
1635.0 1.51329e-27 0.0 0.0 0.0 0.0
1645.0 1.58119e-27 0.0 0.0 0.0 0.0
1655.0 1.64899e-27 0.0 0.0 0.0 0.0
1665.0 1.71657e-27 0.0 0.0 3.01401e-27 5.19658e-28
1672.0 1.76366e-27 0.0 0.0 0.0 0.0
1677.0 1.79717e-27 0.0 0.0 0.0 0.0
1685.0 1.85052e-27 0.0 0.0 0.0 0.0
1695.0 1.91666e-27 0.0 0.0 0.0 0.0
1705.0 1.9821e-27 0.0 0.0 0.0 0.0
1715.0 2.04675e-27 0.0 0.0 0.0 0.0
1725.0 2.11051e-27 0.0 0.0 0.0 0.0
1735.0 2.17332e-27 0.0 0.0 0.0 0.0
1745.0 2.23509e-27 0.0 0.0 0.0 0.0
1755.0 2.29576e-27 0.0 0.0 0.0 0.0
1765.0 2.35529e-27 0.0 0.0 0.0 0.0
1775.0 2.41362e-27 0.0 0.0 0.0 0.0
1785.0 2.47072e-27 0.0 0.0 0.0 0.0
1795.0 2.52655e-27 0.0 0.0 0.0 0.0
1805.0 2.58109e-27 0.0 0.0 0.0 0.0
1815.0 2.63433e-27 0.0 0.0 0.0 0.0
1825.0 2.68624e-27 0.0 0.0 0.0 0.0
1835.0 2.73684e-27 0.0 0.0 0.0 0.0
1845.0 2.78611e-27 0.0 0.0 0.0 0.0
1855.0 2.83406e-27 0.0 0.0 0.0 0.0
1865.0 2.8807e-27 0.0 0.0 0.0 0.0
1875.0 2.92605e-27 0.0 0.0 0.0 0.0
1885.0 2.97013e-27 0.0 0.0 0.0 0.0
1895.0 3.01296e-27 0.0 0.0 0.0 0.0
1905.0 3.05456e-27 0.0 0.0 0.0 1.04081e-26
1915.0 3.09496e-27 0.0 0.0 0.0 0.0
1925.0 3.1342e-27 0.0 0.0 0.0 0.0
1935.0 3.17231e-27 0.0 0.0 0.0 0.0
1945.0 3.20933e-27 0.0 0.0 0.0 0.0
1955.0 3.24529e-27 0.0 0.0 0.0 0.0
1967.0 3.28711e-27 0.0 0.0 0.0 0.0
1976.0 3.31756e-27 0.0 0.0 0.0 0.0
1984.0 3.34399e-27 0.0 0.0 0.0 0.0
1995.0 3.3794e-27 0.0 0.0 0.0 0.0
2005.0 3.41071e-27 0.0 0.0 0.0 0.0
2015.0 3.44121e-27 0.0 0.0 0.0 0.0
2025.0 3.47096e-27 0.0 0.0 0.0 0.0
2035.0 3.49999e-27 0.0 0.0 0.0 0.0
2045.0 3.52836e-27 0.0 0.0 0.0 0.0
2055.0 3.55611e-27 0.0 0.0 0.0 0.0
2065.0 3.58329e-27 0.0 0.0 0.0 0.0
2074.0 3.60728e-27 0.0 0.0 0.0 0.0
2078.0 3.61782e-27 0.0 0.0 0.0 0.0
2085.0 3.63608e-27 0.0 0.0 0.0 0.0
2095.0 3.66178e-27 0.0 0.0 0.0 0.0
2105.0 3.68708e-27 0.0 0.0 0.0 0.0
2115.0 3.71203e-27 0.0 0.0 0.0 0.0
2125.0 3.73665e-27 0.0 0.0 0.0 0.0
2135.0 3.761e-27 0.0 0.0 0.0 0.0
2145.0 3.78511e-27 0.0 0.0 0.0 7.33099e-28
2155.0 3.80902e-27 0.0 0.0 0.0 0.0
2165.0 3.83277e-27 0.0 0.0 0.0 0.0
2175.0 3.85639e-27 0.0 0.0 0.0 0.0
2185.0 3.87993e-27 0.0 0.0 0.0 0.0
2195.0 3.90342e-27 0.0 0.0 0.0 0.0
2205.0 3.92689e-27 0.0 0.0 0.0 0.0
2215.0 3.95038e-27 0.0 0.0 0.0 0.0
2225.0 3.97391e-27 0.0 0.0 0.0 0.0
2235.0 3.99753e-27 0.0 0.0 0.0 0.0
2245.0 4.02126e-27 0.0 0.0 0.0 0.0
2255.0 4.04514e-27 0.0 0.0 0.0 0.0
2265.0 4.06918e-27 0.0 0.0 0.0 0.0
2275.0 4.09342e-27 0.0 0.0 0.0 0.0
2285.0 4.11789e-27 0.0 0.0 0.0 0.0
2295.0 4.14261e-27 0.0 0.0 0.0 0.0
2305.0 4.16761e-27 0.0 0.0 0.0 0.0
2315.0 4.19291e-27 0.0 0.0 0.0 0.0
2325.0 4.21853e-27 0.0 0.0 0.0 2.49776e-26
2335.0 4.2445e-27 0.0 0.0 0.0 0.0
2345.0 4.27084e-27 0.0 0.0 0.0 0.0
2355.0 4.29758e-27 0.0 0.0 0.0 0.0
2365.0 4.32472e-27 0.0 0.0 0.0 0.0
2375.0 4.3523e-27 0.0 0.0 0.0 0.0
2385.0 4.38032e-27 0.0 0.0 0.0 0.0
2395.0 4.40881e-27 0.0 0.0 0.0 0.0
2405.0 4.43779e-27 0.0 0.0 0.0 0.0
2415.0 4.46727e-27 0.0 0.0 0.0 0.0
2425.0 4.49727e-27 0.0 0.0 0.0 0.0
2435.0 4.5278e-27 0.0 0.0 0.0 0.0
2445.0 4.55887e-27 0.0 0.0 0.0 0.0
2455.0 4.59051e-27 0.0 0.0 0.0 0.0
2465.0 4.62272e-27 0.0 0.0 0.0 0.0
2475.0 4.65551e-27 0.0 0.0 0.0 0.0
2485.0 4.68889e-27 0.0 0.0 0.0 0.0
2495.0 4.72287e-27 0.0 0.0 0.0 0.0
2505.0 4.75747e-27 0.0 0.0 0.0 0.0
2513.0 4.78559e-27 0.0 0.0 0.0 0.0
2518.0 4.80337e-27 0.0 0.0 0.0 0.0
2525.0 4.82853e-27 0.0 0.0 0.0 0.0
2535.0 4.86502e-27 0.0 0.0 0.0 0.0
2545.0 4.90216e-27 0.0 0.0 0.0 0.0
2555.0 4.93996e-27 0.0 0.0 0.0 0.0
2565.0 4.97842e-27 0.0 0.0 0.0 0.0
2575.0 5.01755e-27 0.0 0.0 0.0 0.0
2585.0 5.05736e-27 0.0 0.0 0.0 0.0
2595.0 5.09786e-27 0.0 0.0 0.0 0.0
2605.0 4.9745e-27 0.0 0.0 0.0 0.0
2615.0 5.01791e-27 0.0 0.0 0.0 0.0
2625.0 5.06213e-27 0.0 0.0 0.0 0.0
2635.0 5.10718e-27 0.0 0.0 0.0 0.0
2645.0 5.15305e-27 0.0 0.0 0.0 0.0
2655.0 5.19977e-27 0.0 0.0 0.0 0.0
2665.0 5.24732e-27 0.0 0.0 0.0 0.0
2675.0 5.29573e-27 0.0 0.0 0.0 0.0
2685.0 5.345e-27 0.0 0.0 0.0 0.0
2695.0 5.39513e-27 0.0 0.0 0.0 0.0
2705.0 5.44613e-27 0.0 0.0 0.0 0.0
2715.0 5.49801e-27 0.0 0.0 0.0 0.0
2725.0 5.55076e-27 0.0 0.0 0.0 0.0
2735.0 5.6044e-27 0.0 0.0 0.0 0.0
2745.0 5.65892e-27 0.0 0.0 0.0 0.0
2755.0 5.71433e-27 0.0 0.0 0.0 0.0
2765.0 5.77063e-27 0.0 0.0 0.0 0.0
2775.0 5.82783e-27 0.0 0.0 0.0 0.0
2785.0 5.88593e-27 0.0 0.0 0.0 0.0
2795.0 5.94493e-27 0.0 0.0 3.85862e-26 8.71303e-27
2805.0 6.00484e-27 0.0 0.0 0.0 0.0
2815.0 6.06566e-27 0.0 0.0 0.0 0.0
2825.0 6.12739e-27 0.0 0.0 0.0 0.0
2835.0 6.19003e-27 0.0 0.0 0.0 0.0
2845.0 6.25359e-27 0.0 0.0 0.0 0.0
2855.0 6.31807e-27 0.0 0.0 0.0 0.0
2865.0 6.38348e-27 0.0 0.0 0.0 0.0
2875.0 6.4498e-27 0.0 0.0 0.0 0.0
2885.0 6.51706e-27 0.0 0.0 0.0 0.0
2895.0 6.58524e-27 0.0 0.0 0.0 0.0
2910.0 6.68927e-27 0.0 0.0 0.0 0.0
2930.0 6.83124e-27 0.0 0.0 0.0 0.0
2950.0 6.97696e-27 0.0 0.0 0.0 0.0
2970.0 7.12644e-27 0.0 0.0 0.0 0.0
2990.0 7.27971e-27 0.0 0.0 0.0 0.0
3010.0 7.43676e-27 0.0 0.0 0.0 0.0
3030.0 7.59761e-27 0.0 0.0 0.0 0.0
3050.0 7.76227e-27 0.0 0.0 0.0 0.0
3070.0 7.93074e-27 0.0 0.0 0.0 0.0
3090.0 8.10302e-27 0.0 0.0 0.0 0.0
3110.0 8.27912e-27 0.0 0.0 0.0 0.0
3130.0 8.38768e-27 0.0 0.0 0.0 0.0
3150.0 8.52931e-27 0.0 0.0 0.0 0.0
3170.0 8.67303e-27 0.0 0.0 0.0 0.0
3190.0 8.8188e-27 0.0 0.0 0.0 0.0
3210.0 8.96661e-27 0.0 0.0 0.0 0.0
3230.0 9.11644e-27 0.0 0.0 0.0 0.0
3250.0 9.26828e-27 0.0 0.0 0.0 0.0
3270.0 9.42209e-27 0.0 0.0 0.0 0.0
3290.0 9.57788e-27 0.0 0.0 0.0 0.0
3310.0 9.73561e-27 0.0 0.0 0.0 0.0
3330.0 9.89527e-27 0.0 0.0 0.0 0.0
3350.0 1.00568e-26 0.0 0.0 0.0 0.0
3370.0 1.02203e-26 0.0 0.0 0.0 0.0
3390.0 1.03856e-26 0.0 0.0 0.0 0.0
3410.0 1.05528e-26 0.0 0.0 0.0 0.0
3430.0 1.07218e-26 0.0 0.0 0.0 0.0
3450.0 1.0237e-26 0.0 0.0 0.0 0.0
3470.0 1.0393e-26 0.0 0.0 0.0 0.0
3490.0 1.05506e-26 0.0 0.0 0.0 0.0
3510.0 1.07098e-26 0.0 0.0 0.0 0.0
3530.0 1.08704e-26 0.0 0.0 0.0 0.0
3550.0 1.10326e-26 0.0 0.0 0.0 0.0
3570.0 1.11963e-26 0.0 0.0 0.0 0.0
3590.0 1.13614e-26 0.0 0.0 0.0 0.0
3610.0 1.1528e-26 0.0 0.0 0.0 0.0
3630.0 1.1696e-26 0.0 0.0 0.0 0.0
3640.0 1.17806e-26 0.0 0.0 0.0 0.0
3650.0 2.53124e-27 0.0 0.0 0.0 0.0
3670.0 2.53505e-27 0.0 0.0 0.0 0.0
3690.0 2.39317e-27 7.18104e-28 0.0 0.0 0.0
3710.0 2.39517e-27 1.7117e-28 0.0 0.0 0.0
3730.0 2.39742e-27 0.0 5.42004e-26 1.98513e-25 3.33627e-25
3750.0 2.39991e-27 0.0 0.0 0.0 0.0
3770.0 2.40264e-27 0.0 0.0 0.0 0.0
3790.0 2.40562e-27 6.06501e-27 0.0 0.0 0.0
3810.0 2.40882e-27 0.0 0.0 0.0 0.0
3830.0 2.41226e-27 0.0 0.0 0.0 0.0
3850.0 2.41594e-27 0.0 0.0 0.0 0.0
3870.0 2.41984e-27 0.0 3.51982e-26 4.96355e-26 3.57948e-26
3890.0 2.42397e-27 0.0 2.44721e-26 2.31461e-26 1.28991e-26
3910.0 2.42833e-27 0.0 0.0 0.0 0.0
3930.0 2.43291e-27 0.0 0.0 0.0 0.0
3950.0 2.43771e-27 0.0 0.0 0.0 0.0
3970.0 2.44273e-27 0.0 3.39017e-26 3.5534e-26 1.99643e-26
3990.0 2.44797e-27 0.0 0.0 0.0 0.0
4010.0 2.45402e-27 0.0 0.0 0.0 0.0
4030.0 2.46099e-27 0.0 1.94079e-27 1.94079e-27 1.94079e-27
4050.0 2.46822e-27 0.0 0.0 0.0 0.0
4070.0 2.47574e-27 0.0 9.23768e-28 3.16721e-27 5.2787e-27
4090.0 2.48352e-27 0.0 0.0 0.0 0.0
4110.0 2.49159e-27 3.48546e-26 0.0 0.0 0.0
4130.0 2.49992e-27 0.0 0.0 0.0 0.0
4150.0 2.50852e-27 0.0 0.0 0.0 0.0
4170.0 2.5174e-27 0.0 0.0 0.0 0.0
4190.0 2.52655e-27 0.0 0.0 0.0 0.0
4210.0 2.53596e-27 0.0 0.0 0.0 0.0
4230.0 2.54565e-27 0.0 0.0 0.0 0.0
4250.0 2.5556e-27 0.0 0.0 0.0 0.0
4270.0 2.56582e-27 0.0 0.0 0.0 0.0
4290.0 2.57631e-27 0.0 0.0 0.0 0.0
4310.0 2.58706e-27 0.0 0.0 0.0 0.0
4330.0 2.59808e-27 0.0 0.0 0.0 0.0
4350.0 2.60936e-27 7.05509e-26 0.0 0.0 0.0
4370.0 2.62091e-27 0.0 1.65831e-26 1.00412e-26 1.52139e-27
4390.0 2.63272e-27 0.0 0.0 0.0 0.0
4410.0 2.6448e-27 0.0 0.0 0.0 0.0
4430.0 2.65714e-27 0.0 0.0 0.0 0.0
4450.0 2.66974e-27 0.0 0.0 0.0 0.0
4470.0 2.68261e-27 0.0 5.7305e-27 5.7305e-27 7.95908e-27
4490.0 2.69574e-27 0.0 0.0 0.0 0.0
4510.0 2.70703e-27 0.0 0.0 0.0 0.0
4530.0 2.71637e-27 0.0 0.0 0.0 0.0
4550.0 2.72587e-27 0.0 0.0 0.0 0.0
4570.0 2.73551e-27 0.0 0.0 0.0 0.0
4590.0 2.7453e-27 0.0 0.0 0.0 0.0
4610.0 2.75523e-27 0.0 0.0 0.0 0.0
4630.0 2.7653e-27 0.0 0.0 0.0 0.0
4650.0 2.77551e-27 0.0 0.0 0.0 0.0
4670.0 2.78586e-27 0.0 0.0 0.0 0.0
4690.0 2.79634e-27 0.0 0.0 0.0 0.0
4710.0 2.80696e-27 0.0 1.76733e-27 2.47427e-27 0.0
4730.0 2.81771e-27 0.0 0.0 0.0 0.0
4750.0 2.82859e-27 0.0 0.0 0.0 0.0
4770.0 2.8396e-27 0.0 0.0 0.0 0.0
4790.0 2.85074e-27 0.0 0.0 0.0 0.0
4810.0 2.862e-27 0.0 0.0 0.0 0.0
4830.0 2.87339e-27 0.0 0.0 0.0 0.0
4850.0 2.88491e-27 0.0 0.0 0.0 0.0
4870.0 2.89655e-27 0.0 1.88945e-25 1.88945e-25 1.88945e-25
4890.0 2.9083e-27 0.0 0.0 0.0 0.0
4910.0 2.92018e-27 0.0 0.0 0.0 0.0
4930.0 2.93217e-27 0.0 0.0 0.0 0.0
4950.0 2.94428e-27 0.0 2.14138e-25 3.15643e-25 2.7309e-25
4970.0 2.9565e-27 0.0 0.0 0.0 0.0
4990.0 2.96884e-27 0.0 0.0 0.0 0.0
5010.0 2.98129e-27 0.0 6.31687e-25 9.50231e-25 8.16056e-25
5030.0 2.99385e-27 0.0 0.0 0.0 0.0
5050.0 3.00652e-27 0.0 0.0 0.0 0.0
5070.0 3.01929e-27 0.0 0.0 0.0 0.0
5090.0 3.03218e-27 0.0 0.0 0.0 0.0
5110.0 3.04516e-27 0.0 0.0 0.0 0.0
5130.0 3.05825e-27 0.0 0.0 0.0 0.0
5150.0 3.07145e-27 0.0 0.0 0.0 0.0
5170.0 3.08474e-27 0.0 0.0 0.0 0.0
5190.0 3.09813e-27 0.0 6.4377e-28 2.14591e-27 6.4377e-27
5210.0 3.11163e-27 0.0 0.0 0.0 0.0
5230.0 3.12521e-27 0.0 0.0 0.0 0.0
5250.0 3.1389e-27 0.0 0.0 0.0 0.0
5270.0 3.15268e-27 0.0 0.0 0.0 0.0
5290.0 3.16655e-27 0.0 0.0 0.0 0.0
5310.0 3.18051e-27 0.0 0.0 0.0 0.0
5330.0 3.19457e-27 0.0 0.0 0.0 0.0
5350.0 3.20871e-27 0.0 0.0 0.0 0.0
5370.0 3.22294e-27 0.0 0.0 0.0 0.0
5390.0 3.23726e-27 0.0 0.0 0.0 0.0
5410.0 3.25167e-27 0.0 0.0 0.0 0.0
5430.0 3.26616e-27 0.0 0.0 0.0 0.0
5450.0 3.28073e-27 0.0 0.0 0.0 0.0
5470.0 3.29539e-27 0.0 0.0 0.0 0.0
5490.0 3.31013e-27 0.0 0.0 0.0 0.0
5510.0 3.32495e-27 0.0 0.0 0.0 0.0
5530.0 3.33985e-27 0.0 0.0 0.0 0.0
5550.0 3.35482e-27 0.0 0.0 0.0 0.0
5570.0 3.36987e-27 0.0 0.0 0.0 0.0
5590.0 3.385e-27 0.0 0.0 0.0 0.0
5610.0 3.4002e-27 0.0 0.0 0.0 0.0
5630.0 3.41548e-27 0.0 0.0 0.0 0.0
5650.0 3.43083e-27 0.0 0.0 0.0 0.0
5670.0 3.44625e-27 0.0 0.0 0.0 0.0
5690.0 3.46174e-27 0.0 0.0 0.0 0.0
5710.0 3.3787e-27 0.0 0.0 0.0 0.0
5730.0 3.39422e-27 0.0 0.0 0.0 0.0
5750.0 3.40981e-27 0.0 0.0 0.0 2.63398e-27
5770.0 3.42546e-27 0.0 0.0 0.0 0.0
5790.0 3.44118e-27 0.0 0.0 0.0 0.0
5810.0 3.45696e-27 0.0 0.0 0.0 0.0
5830.0 3.47281e-27 0.0 0.0 0.0 0.0
5850.0 3.48871e-27 0.0 0.0 0.0 0.0
5870.0 3.50467e-27 0.0 2.63526e-26 2.96467e-26 3.84309e-26
5890.0 3.5207e-27 0.0 0.0 0.0 0.0
5910.0 3.53678e-27 0.0 0.0 0.0 0.0
5930.0 3.55292e-27 0.0 0.0 0.0 0.0
5950.0 3.56911e-27 0.0 0.0 0.0 0.0
5970.0 3.58537e-27 0.0 0.0 0.0 0.0
5990.0 3.60167e-27 0.0 0.0 0.0 0.0
6010.0 3.61803e-27 0.0 0.0 0.0 0.0
6030.0 3.63444e-27 0.0 0.0 0.0 0.0
6050.0 3.65091e-27 0.0 0.0 0.0 0.0
6070.0 3.66742e-27 0.0 0.0 0.0 0.0
6090.0 3.68399e-27 0.0 0.0 0.0 0.0
6110.0 3.70061e-27 0.0 0.0 0.0 0.0
6130.0 3.71727e-27 0.0 0.0 0.0 0.0
6150.0 3.73398e-27 0.0 0.0 0.0 0.0
6170.0 3.75074e-27 0.0 0.0 0.0 0.0
6190.0 3.76754e-27 0.0 0.0 0.0 0.0
6210.0 3.78439e-27 0.0 0.0 0.0 0.0
6230.0 3.80128e-27 0.0 0.0 0.0 0.0
6250.0 3.81821e-27 0.0 0.0 0.0 0.0
6270.0 3.83519e-27 0.0 0.0 0.0 0.0
6290.0 3.85221e-27 0.0 2.52155e-27 1.2923e-26 4.09752e-26
6310.0 3.86927e-27 0.0 2.85482e-27 5.39241e-27 9.51602e-27
6330.0 3.88636e-27 0.0 0.0 0.0 0.0
6350.0 3.9035e-27 0.0 0.0 0.0 0.0
6370.0 3.92067e-27 0.0 0.0 0.0 0.0
6390.0 3.93788e-27 0.0 0.0 0.0 0.0
6410.0 3.95513e-27 0.0 0.0 0.0 0.0
6430.0 3.97242e-27 0.0 0.0 0.0 0.0
6450.0 3.98973e-27 0.0 0.0 0.0 0.0
6470.0 4.00709e-27 0.0 0.0 0.0 0.0
6490.0 4.02447e-27 0.0 0.0 0.0 0.0
6510.0 4.04189e-27 0.0 0.0 0.0 0.0
6530.0 4.05934e-27 0.0 0.0 0.0 0.0
6550.0 4.07682e-27 0.0 1.70895e-27 2.01656e-26 4.64834e-26
6570.0 4.09433e-27 9.84532e-25 0.0 0.0 0.0
6590.0 4.11187e-27 0.0 5.18965e-27 6.40056e-26 1.39775e-25
6610.0 4.12944e-27 0.0 0.0 0.0 0.0
6630.0 4.14704e-27 0.0 0.0 0.0 0.0
6650.0 4.15e-27 0.0 0.0 0.0 0.0
6670.0 4.16759e-27 0.0 9.21512e-27 1.06329e-26 1.06329e-26
6690.0 4.1852e-27 0.0 0.0 0.0 0.0
6710.0 4.20284e-27 0.0 1.32716e-26 6.74343e-26 1.07607e-25
6730.0 4.2205e-27 0.0 1.04642e-26 4.97952e-26 7.5775e-26
6750.0 4.23818e-27 0.0 0.0 0.0 0.0
6770.0 4.2559e-27 0.0 0.0 0.0 0.0
6790.0 4.27363e-27 0.0 0.0 0.0 0.0
6810.0 4.29139e-27 0.0 0.0 0.0 0.0
6830.0 4.30917e-27 0.0 0.0 0.0 0.0
6850.0 4.32697e-27 0.0 0.0 0.0 0.0
6870.0 4.3448e-27 0.0 0.0 0.0 0.0
6890.0 4.36264e-27 0.0 0.0 0.0 0.0
6910.0 4.38051e-27 0.0 0.0 0.0 0.0
6930.0 4.39839e-27 0.0 0.0 0.0 0.0
6950.0 4.4163e-27 0.0 0.0 0.0 0.0
6970.0 4.43422e-27 0.0 0.0 0.0 0.0
6990.0 4.45216e-27 0.0 0.0 0.0 0.0
7010.0 4.46986e-27 0.0 0.0 0.0 0.0
7030.0 4.48749e-27 0.0 0.0 0.0 0.0
7050.0 4.50514e-27 0.0 0.0 0.0 0.0
7070.0 4.52279e-27 0.0 1.115e-26 9.15891e-27 1.59285e-26
7090.0 4.54047e-27 0.0 0.0 0.0 0.0
7110.0 4.55815e-27 0.0 0.0 0.0 0.0
7130.0 4.57585e-27 0.0 4.86002e-27 1.0935e-26 1.053e-26
7150.0 4.59356e-27 0.0 0.0 0.0 0.0
7170.0 4.61129e-27 0.0 0.0 0.0 0.0
7190.0 4.62902e-27 0.0 0.0 0.0 0.0
7210.0 4.64677e-27 0.0 0.0 0.0 0.0
7230.0 4.66453e-27 0.0 0.0 0.0 0.0
7250.0 4.68229e-27 0.0 0.0 0.0 0.0
7270.0 4.70007e-27 0.0 0.0 0.0 0.0
7290.0 4.71786e-27 0.0 0.0 0.0 0.0
7310.0 4.73565e-27 0.0 5.10848e-27 1.14941e-26 1.10684e-26
7330.0 4.75346e-27 0.0 2.99628e-27 5.99254e-27 5.99254e-27
7350.0 4.77127e-27 0.0 0.0 0.0 0.0
7370.0 4.78909e-27 0.0 0.0 0.0 0.0
7390.0 4.80692e-27 0.0 0.0 0.0 0.0
7410.0 4.82476e-27 0.0 0.0 0.0 0.0
7430.0 4.8426e-27 0.0 0.0 0.0 0.0
7450.0 4.85441e-27 0.0 0.0 0.0 0.0
7470.0 4.87226e-27 0.0 0.0 0.0 0.0
7490.0 4.89011e-27 0.0 0.0 0.0 0.0
7510.0 4.90797e-27 0.0 0.0 0.0 0.0
7530.0 4.92583e-27 0.0 0.0 0.0 0.0
7550.0 4.9437e-27 0.0 0.0 0.0 0.0
7570.0 4.96157e-27 0.0 0.0 0.0 0.0
7590.0 4.97945e-27 0.0 0.0 0.0 0.0
7610.0 4.99733e-27 0.0 0.0 0.0 0.0
7630.0 5.01521e-27 0.0 0.0 0.0 0.0
7650.0 5.0331e-27 0.0 0.0 0.0 0.0
7670.0 5.05099e-27 0.0 0.0 0.0 0.0
7690.0 5.06888e-27 0.0 0.0 0.0 0.0
7710.0 5.08678e-27 0.0 0.0 0.0 0.0
7730.0 5.10467e-27 0.0 0.0 0.0 0.0
7750.0 5.12257e-27 0.0 3.20594e-26 8.42155e-26 4.11508e-26
7770.0 5.14047e-27 0.0 0.0 0.0 0.0
7790.0 5.15837e-27 0.0 0.0 0.0 0.0
7810.0 5.17627e-27 0.0 0.0 0.0 0.0
7830.0 5.19417e-27 0.0 0.0 0.0 0.0
7850.0 5.11741e-27 0.0 0.0 0.0 0.0
7870.0 5.13497e-27 0.0 0.0 0.0 0.0
7890.0 5.15254e-27 0.0 0.0 0.0 0.0
7910.0 5.1701e-27 0.0 0.0 0.0 0.0
7930.0 5.18767e-27 0.0 0.0 0.0 0.0
7950.0 5.20523e-27 0.0 0.0 0.0 0.0
7970.0 5.22279e-27 0.0 0.0 0.0 0.0
7990.0 5.24036e-27 0.0 0.0 0.0 0.0
8010.0 5.25792e-27 0.0 0.0 0.0 0.0
8030.0 5.27548e-27 0.0 0.0 0.0 0.0
8050.0 5.29303e-27 0.0 0.0 0.0 0.0
8070.0 5.31059e-27 0.0 0.0 0.0 0.0
8090.0 5.32814e-27 0.0 0.0 0.0 0.0
8110.0 5.34569e-27 0.0 0.0 0.0 0.0
8130.0 5.36323e-27 0.0 0.0 0.0 0.0
8150.0 5.38078e-27 0.0 0.0 0.0 0.0
8170.0 5.39832e-27 0.0 0.0 0.0 0.0
8190.0 5.41585e-27 0.0 0.0 0.0 0.0
8210.0 2.46169e-27 0.0 0.0 0.0 0.0
8230.0 2.46633e-27 0.0 0.0 0.0 0.0
8250.0 2.47098e-27 0.0 0.0 0.0 0.0
8270.0 2.45113e-27 0.0 0.0 0.0 0.0
8290.0 2.45678e-27 0.0 0.0 0.0 0.0
8310.0 2.46245e-27 0.0 0.0 0.0 0.0
8330.0 2.46812e-27 0.0 0.0 0.0 0.0
8350.0 2.47379e-27 0.0 0.0 0.0 0.0
8370.0 2.47947e-27 0.0 0.0 0.0 0.0
8390.0 2.48515e-27 1.28421e-27 0.0 0.0 0.0
8410.0 2.49084e-27 0.0 0.0 0.0 0.0
8430.0 2.49654e-27 0.0 0.0 0.0 0.0
8450.0 2.50224e-27 0.0 0.0 0.0 0.0
8470.0 2.50794e-27 0.0 0.0 0.0 0.0
8490.0 2.51365e-27 0.0 0.0 0.0 0.0
8510.0 2.51936e-27 0.0 0.0 0.0 0.0
8530.0 2.52508e-27 0.0 0.0 0.0 0.0
8550.0 2.5308e-27 3.15069e-27 0.0 0.0 0.0
8570.0 2.53652e-27 0.0 0.0 0.0 0.0
8590.0 2.54225e-27 0.0 0.0 0.0 0.0
8610.0 2.54798e-27 0.0 0.0 0.0 0.0
8630.0 2.55371e-27 0.0 0.0 0.0 0.0
8650.0 2.55945e-27 0.0 0.0 0.0 0.0
8670.0 2.56519e-27 0.0 0.0 0.0 0.0
8690.0 2.57094e-27 0.0 0.0 0.0 0.0
8710.0 2.57668e-27 0.0 0.0 0.0 0.0
8730.0 2.58243e-27 0.0 0.0 0.0 0.0
8750.0 2.58819e-27 0.0 0.0 0.0 0.0
8770.0 2.59394e-27 0.0 0.0 0.0 0.0
8790.0 2.5997e-27 0.0 0.0 0.0 0.0
8810.0 2.60546e-27 0.0 0.0 0.0 0.0
8830.0 2.61122e-27 0.0 0.0 0.0 0.0
8850.0 2.61699e-27 0.0 0.0 0.0 0.0
8870.0 2.62276e-27 0.0 0.0 0.0 0.0
8890.0 2.62852e-27 0.0 0.0 0.0 0.0
8910.0 2.63429e-27 0.0 0.0 0.0 0.0
8930.0 2.64007e-27 0.0 0.0 0.0 0.0
8950.0 2.64584e-27 0.0 0.0 0.0 0.0
8970.0 2.65162e-27 0.0 0.0 0.0 0.0
8990.0 2.65739e-27 0.0 0.0 0.0 0.0
9010.0 2.66317e-27 1.18999e-26 0.0 0.0 0.0
9030.0 2.66895e-27 0.0 0.0 0.0 0.0
9050.0 2.67473e-27 0.0 0.0 0.0 0.0
9070.0 2.68051e-27 0.0 0.0 3.34242e-25 6.1933e-25
9090.0 2.6863e-27 0.0 0.0 0.0 0.0
9110.0 2.69208e-27 0.0 0.0 0.0 0.0
9130.0 2.69787e-27 0.0 0.0 0.0 0.0
9150.0 2.70365e-27 0.0 0.0 0.0 0.0
9170.0 2.70944e-27 0.0 0.0 0.0 0.0
9190.0 2.71522e-27 0.0 0.0 0.0 0.0
9210.0 2.72101e-27 0.0 0.0 0.0 0.0
9230.0 2.7268e-27 0.0 0.0 0.0 0.0
9250.0 2.73258e-27 0.0 0.0 0.0 0.0
9270.0 2.73837e-27 0.0 0.0 0.0 0.0
9290.0 2.74416e-27 0.0 0.0 0.0 0.0
9310.0 2.74995e-27 0.0 0.0 0.0 0.0
9330.0 2.75574e-27 0.0 0.0 0.0 0.0
9350.0 2.76152e-27 0.0 0.0 0.0 0.0
9370.0 2.76731e-27 0.0 0.0 0.0 0.0
9390.0 2.7731e-27 0.0 0.0 0.0 0.0
9410.0 2.77888e-27 0.0 0.0 0.0 0.0
9430.0 2.78467e-27 0.0 0.0 0.0 0.0
9450.0 2.79046e-27 0.0 0.0 0.0 0.0
9470.0 2.79624e-27 0.0 0.0 0.0 0.0
9490.0 2.80203e-27 0.0 0.0 0.0 0.0
9510.0 2.80781e-27 0.0 0.0 0.0 0.0
9530.0 2.81359e-27 0.0 0.0 0.0 2.64092e-25
9550.0 2.81938e-27 0.0 0.0 0.0 0.0
9570.0 2.82516e-27 0.0 0.0 0.0 0.0
9590.0 2.83094e-27 0.0 0.0 0.0 0.0
9610.0 2.83672e-27 0.0 0.0 0.0 0.0
9630.0 2.8425e-27 0.0 0.0 0.0 0.0
9650.0 2.84828e-27 0.0 0.0 0.0 0.0
9670.0 2.85405e-27 0.0 0.0 0.0 0.0
9690.0 2.85983e-27 0.0 0.0 0.0 0.0
9710.0 2.8656e-27 0.0 0.0 0.0 0.0
9730.0 2.87137e-27 0.0 0.0 0.0 0.0
9750.0 2.87714e-27 0.0 0.0 0.0 0.0
9770.0 2.88291e-27 0.0 0.0 0.0 0.0
9790.0 2.88868e-27 0.0 0.0 0.0 0.0
9810.0 2.89445e-27 0.0 0.0 0.0 0.0
9830.0 2.90021e-27 0.0 0.0 0.0 0.0
9850.0 2.90597e-27 0.0 0.0 0.0 0.0
9870.0 2.91173e-27 0.0 0.0 0.0 0.0
9890.0 2.91749e-27 0.0 0.0 0.0 0.0
9910.0 2.92325e-27 0.0 0.0 0.0 0.0
9930.0 2.929e-27 0.0 0.0 0.0 0.0
9950.0 2.93476e-27 0.0 0.0 0.0 0.0
9970.0 2.94051e-27 0.0 0.0 0.0 0.0
9990.0 2.94626e-27 0.0 0.0 0.0 0.0
10025.0 2.94851e-27 2.09112e-26 0.0 0.0 0.0
10075.0 2.95048e-27 0.0 0.0 0.0 0.0
10125.0 2.95244e-27 0.0 0.0 0.0 0.0
10175.0 2.95441e-27 0.0 0.0 0.0 0.0
10225.0 2.95637e-27 0.0 0.0 0.0 0.0
10275.0 2.95833e-27 0.0 0.0 0.0 1.61488e-26
10325.0 2.96028e-27 0.0 0.0 0.0 3.80483e-26
10375.0 2.96224e-27 0.0 0.0 0.0 0.0
10425.0 2.96419e-27 0.0 0.0 0.0 0.0
10475.0 2.96614e-27 0.0 0.0 0.0 0.0
10525.0 2.96808e-27 0.0 0.0 0.0 0.0
10575.0 2.97002e-27 0.0 0.0 0.0 0.0
10625.0 2.97196e-27 0.0 0.0 0.0 0.0
10675.0 2.97389e-27 0.0 0.0 0.0 0.0
10725.0 2.97582e-27 0.0 0.0 0.0 0.0
10775.0 2.97775e-27 0.0 0.0 0.0 0.0
10825.0 2.97967e-27 0.0 0.0 0.0 0.0
10875.0 2.9816e-27 0.0 0.0 0.0 0.0
10925.0 2.98351e-27 3.43834e-26 0.0 0.0 0.0
10975.0 2.98543e-27 0.0 0.0 0.0 0.0
11025.0 2.98734e-27 0.0 0.0 0.0 0.0
11075.0 2.98924e-27 0.0 0.0 0.0 0.0
11125.0 2.99114e-27 0.0 0.0 0.0 0.0
11175.0 2.99304e-27 0.0 0.0 0.0 0.0
11225.0 2.99494e-27 0.0 0.0 0.0 0.0
11275.0 2.99683e-27 0.0 0.0 0.0 0.0
11325.0 2.99871e-27 0.0 0.0 0.0 0.0
11375.0 3.0006e-27 0.0 0.0 0.0 0.0
11425.0 3.00248e-27 0.0 0.0 0.0 0.0
11475.0 3.00435e-27 0.0 0.0 0.0 0.0
11525.0 3.00622e-27 0.0 0.0 0.0 0.0
11575.0 3.00809e-27 0.0 0.0 0.0 0.0
11625.0 3.00995e-27 0.0 0.0 0.0 0.0
11675.0 3.01181e-27 0.0 0.0 0.0 0.0
11725.0 3.01366e-27 0.0 0.0 0.0 0.0
11775.0 3.01551e-27 0.0 0.0 0.0 0.0
11825.0 3.01736e-27 0.0 0.0 0.0 0.0
11875.0 3.0192e-27 0.0 0.0 0.0 0.0
11925.0 3.02104e-27 0.0 0.0 0.0 0.0
11975.0 3.02287e-27 0.0 0.0 0.0 0.0
12025.0 3.0247e-27 0.0 0.0 0.0 0.0
12075.0 3.02652e-27 0.0 0.0 0.0 0.0
12125.0 3.02834e-27 0.0 0.0 0.0 0.0
12175.0 3.03016e-27 0.0 0.0 0.0 0.0
12225.0 3.03197e-27 0.0 0.0 0.0 0.0
12275.0 3.03378e-27 0.0 0.0 0.0 0.0
12325.0 3.03558e-27 0.0 0.0 0.0 0.0
12375.0 3.03738e-27 0.0 0.0 0.0 0.0
12425.0 3.03917e-27 0.0 0.0 0.0 0.0
12475.0 3.04096e-27 0.0 0.0 0.0 0.0
12525.0 3.04274e-27 0.0 0.0 0.0 0.0
12575.0 3.04451e-27 0.0 0.0 0.0 0.0
12625.0 3.04629e-27 0.0 0.0 0.0 0.0
12675.0 3.04805e-27 0.0 0.0 0.0 0.0
12725.0 3.04981e-27 0.0 0.0 0.0 0.0
12775.0 3.05157e-27 0.0 0.0 0.0 0.0
12825.0 3.05332e-27 8.54358e-26 0.0 0.0 0.0
12875.0 3.05506e-27 0.0 0.0 0.0 0.0
12925.0 3.0568e-27 0.0 0.0 0.0 0.0
12975.0 3.05853e-27 0.0 0.0 0.0 0.0
13025.0 3.06025e-27 0.0 0.0 0.0 0.0
13075.0 3.06198e-27 0.0 0.0 0.0 0.0
13125.0 3.06369e-27 0.0 0.0 0.0 0.0
13175.0 3.0654e-27 0.0 0.0 0.0 0.0
13225.0 3.0671e-27 0.0 0.0 0.0 0.0
13275.0 3.0688e-27 0.0 0.0 0.0 0.0
13325.0 3.07049e-27 0.0 0.0 0.0 0.0
13375.0 3.07217e-27 0.0 0.0 0.0 0.0
13425.0 3.07385e-27 0.0 0.0 0.0 0.0
13475.0 3.07552e-27 0.0 0.0 0.0 0.0
13525.0 3.07719e-27 0.0 0.0 0.0 0.0
13575.0 3.07885e-27 0.0 0.0 0.0 0.0
13625.0 3.08051e-27 0.0 0.0 0.0 0.0
13675.0 3.08216e-27 0.0 0.0 0.0 0.0
13725.0 3.0838e-27 0.0 0.0 0.0 0.0
13775.0 3.08544e-27 0.0 0.0 0.0 0.0
13825.0 3.08707e-27 0.0 0.0 0.0 0.0
13875.0 3.08869e-27 0.0 0.0 0.0 0.0
13925.0 3.09031e-27 0.0 0.0 0.0 0.0
13975.0 3.09192e-27 0.0 0.0 0.0 0.0
14025.0 3.09353e-27 0.0 0.0 0.0 0.0
14075.0 3.09513e-27 0.0 0.0 0.0 0.0
14125.0 3.09673e-27 0.0 0.0 0.0 0.0
14175.0 3.09832e-27 0.0 0.0 0.0 0.0
14225.0 3.0999e-27 0.0 0.0 0.0 0.0
14275.0 3.10148e-27 0.0 0.0 0.0 0.0
14325.0 3.10305e-27 0.0 0.0 0.0 0.0
14375.0 3.10461e-27 0.0 0.0 0.0 0.0
14425.0 3.10618e-27 0.0 0.0 0.0 0.0
14475.0 3.10773e-27 0.0 0.0 0.0 0.0
14525.0 3.10928e-27 0.0 0.0 0.0 0.0
14570.0 3.11067e-27 0.0 0.0 0.0 0.0
14620.0 3.11221e-27 0.0 0.0 0.0 0.0
14675.0 3.11389e-27 0.0 0.0 0.0 0.0
14725.0 3.11542e-27 0.0 0.0 0.0 0.0
14775.0 3.11694e-27 0.0 0.0 0.0 0.0
14825.0 3.11845e-27 0.0 0.0 0.0 0.0
14875.0 3.11996e-27 0.0 0.0 0.0 0.0
14925.0 3.12146e-27 0.0 0.0 0.0 0.0
14975.0 3.12296e-27 0.0 0.0 0.0 0.0
15025.0 3.12446e-27 0.0 0.0 0.0 0.0
15075.0 3.12594e-27 0.0 0.0 0.0 0.0
15125.0 3.12742e-27 0.0 0.0 0.0 0.0
15175.0 3.1289e-27 8.21888e-28 0.0 0.0 0.0
15225.0 3.13037e-27 0.0 0.0 0.0 0.0
15275.0 3.13184e-27 0.0 0.0 0.0 0.0
15325.0 3.1333e-27 0.0 0.0 0.0 0.0
15375.0 3.13475e-27 0.0 0.0 0.0 0.0
15425.0 3.1362e-27 0.0 0.0 0.0 0.0
15475.0 3.13765e-27 0.0 0.0 0.0 0.0
15525.0 3.13909e-27 0.0 0.0 0.0 0.0
15575.0 3.14052e-27 0.0 0.0 0.0 0.0
15625.0 3.14195e-27 0.0 0.0 0.0 0.0
15675.0 3.14337e-27 2.08273e-27 0.0 0.0 0.0
15725.0 3.14479e-27 0.0 0.0 0.0 0.0
15775.0 3.14621e-27 0.0 0.0 0.0 0.0
15825.0 3.14761e-27 0.0 0.0 0.0 0.0
15875.0 3.14902e-27 0.0 0.0 0.0 0.0
15925.0 3.15042e-27 0.0 0.0 0.0 0.0
15975.0 3.15181e-27 0.0 0.0 0.0 0.0
16050.0 3.15389e-27 0.0 0.0 0.0 0.0
16150.0 3.15665e-27 0.0 0.0 0.0 0.0
16250.0 3.15939e-27 0.0 0.0 0.0 0.0
16350.0 3.16211e-27 0.0 0.0 0.0 0.0
16450.0 3.16481e-27 0.0 0.0 0.0 0.0
16550.0 3.16749e-27 0.0 0.0 0.0 0.0
16650.0 3.17015e-27 0.0 0.0 0.0 0.0
16750.0 3.17279e-27 0.0 0.0 0.0 0.0
16850.0 3.17542e-27 0.0 0.0 0.0 0.0
16950.0 3.17803e-27 0.0 0.0 0.0 0.0
17050.0 3.18062e-27 0.0 0.0 0.0 0.0
17150.0 3.18319e-27 0.0 0.0 0.0 0.0
17250.0 3.18575e-27 0.0 0.0 0.0 0.0
17350.0 3.18828e-27 4.38381e-27 0.0 0.0 0.0
17450.0 3.19081e-27 0.0 0.0 0.0 0.0
17550.0 3.19331e-27 0.0 0.0 0.0 0.0
17650.0 3.1958e-27 0.0 0.0 0.0 0.0
17750.0 3.19827e-27 0.0 0.0 0.0 0.0
17850.0 3.20072e-27 0.0 0.0 0.0 0.0
17950.0 3.20316e-27 0.0 0.0 0.0 0.0
18050.0 3.20558e-27 0.0 0.0 0.0 0.0
18150.0 3.20799e-27 0.0 0.0 0.0 0.0
18250.0 3.21038e-27 0.0 0.0 0.0 0.0
18350.0 3.21275e-27 0.0 0.0 0.0 0.0
18450.0 3.21511e-27 0.0 0.0 0.0 0.0
18550.0 3.21746e-27 0.0 0.0 0.0 0.0
18650.0 3.21979e-27 0.0 0.0 0.0 0.0
18750.0 3.2221e-27 1.89893e-25 0.0 0.0 0.0
18850.0 3.2244e-27 0.0 0.0 0.0 0.0
18950.0 3.22669e-27 0.0 0.0 0.0 0.0
19050.0 3.22896e-27 0.0 0.0 0.0 0.0
19150.0 3.23121e-27 0.0 0.0 0.0 0.0
19250.0 3.23345e-27 0.0 0.0 0.0 0.0
19350.0 3.23568e-27 0.0 0.0 0.0 0.0
19450.0 3.23789e-27 1.10306e-26 0.0 0.0 0.0
19550.0 3.24009e-27 0.0 0.0 0.0 0.0
19650.0 3.24228e-27 0.0 0.0 0.0 0.0
19750.0 3.24445e-27 0.0 0.0 0.0 0.0
19850.0 3.24661e-27 0.0 0.0 0.0 0.0
19950.0 3.24876e-27 0.0 0.0 0.0 0.0
20050.0 3.25089e-27 0.0 0.0 0.0 0.0
20150.0 3.25301e-27 0.0 0.0 0.0 0.0
20250.0 3.25511e-27 0.0 0.0 0.0 0.0
20350.0 3.25721e-27 0.0 0.0 0.0 0.0
20450.0 3.25929e-27 0.0 0.0 0.0 0.0
20550.0 3.26135e-27 0.0 0.0 0.0 0.0
20650.0 3.26341e-27 0.0 0.0 0.0 0.0
20750.0 3.26545e-27 0.0 0.0 0.0 0.0
20850.0 3.26748e-27 0.0 0.0 0.0 0.0
20950.0 3.2695e-27 0.0 0.0 0.0 0.0
21050.0 3.27151e-27 0.0 0.0 0.0 0.0
21150.0 3.2735e-27 0.0 0.0 0.0 0.0
21250.0 3.27548e-27 0.0 0.0 0.0 0.0
21350.0 3.27745e-27 0.0 0.0 0.0 0.0
21450.0 3.27941e-27 0.0 0.0 0.0 0.0
21550.0 3.28136e-27 0.0 0.0 0.0 0.0
21650.0 3.28329e-27 2.07619e-26 0.0 0.0 0.0
21750.0 3.28521e-27 0.0 0.0 0.0 0.0
21850.0 3.28713e-27 0.0 0.0 0.0 0.0
21950.0 3.28903e-27 0.0 0.0 0.0 0.0
22050.0 3.29092e-27 0.0 0.0 0.0 0.0
22150.0 3.2928e-27 0.0 0.0 0.0 0.0
22250.0 3.29466e-27 0.0 0.0 0.0 0.0
22350.0 3.29652e-27 0.0 0.0 0.0 0.0
22450.0 3.29837e-27 0.0 0.0 0.0 0.0
22550.0 3.3002e-27 0.0 0.0 0.0 0.0
22650.0 3.30203e-27 0.0 0.0 0.0 0.0
22750.0 3.30384e-27 0.0 0.0 0.0 0.0
22850.0 3.30564e-27 0.0 0.0 0.0 0.0
22950.0 3.30744e-27 0.0 0.0 0.0 0.0
23050.0 3.30922e-27 0.0 0.0 0.0 0.0
23150.0 3.31099e-27 0.0 0.0 0.0 0.0
23250.0 3.31276e-27 0.0 0.0 0.0 0.0
23350.0 3.31451e-27 0.0 0.0 0.0 0.0
23450.0 3.31625e-27 0.0 0.0 0.0 0.0
23550.0 3.31798e-27 0.0 0.0 0.0 0.0
23650.0 3.31971e-27 0.0 0.0 0.0 0.0
23750.0 3.32142e-27 0.0 0.0 0.0 0.0
23850.0 3.32312e-27 0.0 0.0 0.0 0.0
23950.0 3.32482e-27 0.0 0.0 0.0 0.0
24050.0 3.3265e-27 0.0 0.0 0.0 0.0
24150.0 3.32817e-27 0.0 0.0 0.0 0.0
24250.0 3.32984e-27 0.0 0.0 0.0 0.0
24350.0 3.3315e-27 0.0 0.0 0.0 0.0
24450.0 3.33314e-27 0.0 0.0 0.0 0.0
24550.0 3.33478e-27 0.0 0.0 0.0 0.0
24650.0 3.33641e-27 0.0 0.0 0.0 0.0
24750.0 3.33803e-27 0.0 0.0 0.0 0.0
24850.0 3.33964e-27 0.0 0.0 0.0 0.0
24950.0 3.34124e-27 0.0 0.0 0.0 0.0
25050.0 3.34283e-27 0.0 0.0 0.0 0.0
25150.0 3.34442e-27 0.0 0.0 0.0 0.0
25250.0 3.34599e-27 0.0 0.0 0.0 0.0
25350.0 3.34756e-27 0.0 0.0 0.0 0.0
25450.0 3.34912e-27 0.0 0.0 0.0 0.0
25550.0 3.35067e-27 0.0 0.0 0.0 0.0
25650.0 3.35221e-27 0.0 0.0 0.0 0.0
25750.0 3.35374e-27 0.0 0.0 0.0 0.0
25850.0 3.35526e-27 0.0 0.0 0.0 0.0
25950.0 3.35678e-27 0.0 0.0 0.0 0.0
26050.0 3.35829e-27 0.0 0.0 0.0 0.0
26150.0 3.35979e-27 0.0 0.0 0.0 0.0
26250.0 3.36128e-27 4.99548e-26 0.0 0.0 0.0
26350.0 3.36276e-27 0.0 0.0 0.0 0.0
26450.0 3.36424e-27 0.0 0.0 0.0 0.0
26550.0 3.3657e-27 0.0 0.0 0.0 0.0
26650.0 3.36716e-27 0.0 0.0 0.0 0.0
26750.0 3.36862e-27 0.0 0.0 0.0 0.0
26850.0 3.37006e-27 0.0 0.0 0.0 0.0
26950.0 3.3715e-27 0.0 0.0 0.0 0.0
27050.0 3.37293e-27 0.0 0.0 0.0 0.0
27150.0 3.37435e-27 0.0 0.0 0.0 0.0
27250.0 3.37576e-27 0.0 0.0 0.0 0.0
27350.0 3.37717e-27 0.0 0.0 0.0 0.0
27450.0 3.37856e-27 0.0 0.0 0.0 0.0
27550.0 3.37996e-27 0.0 0.0 0.0 0.0
27650.0 3.38134e-27 0.0 0.0 0.0 0.0
27750.0 3.38272e-27 0.0 0.0 0.0 0.0
27850.0 3.38409e-27 0.0 0.0 0.0 0.0
27950.0 3.38545e-27 0.0 0.0 0.0 0.0
28050.0 3.3868e-27 0.0 0.0 0.0 0.0
28150.0 3.38815e-27 0.0 0.0 0.0 0.0
28250.0 3.38949e-27 0.0 0.0 0.0 0.0
28350.0 3.39083e-27 0.0 0.0 0.0 0.0
28450.0 3.39216e-27 0.0 0.0 0.0 0.0
28550.0 3.39348e-27 0.0 0.0 0.0 0.0
28650.0 3.39479e-27 0.0 0.0 0.0 0.0
28750.0 3.3961e-27 0.0 0.0 0.0 0.0
28850.0 3.3974e-27 0.0 0.0 0.0 0.0
28950.0 3.39869e-27 0.0 0.0 0.0 0.0
29050.0 3.39998e-27 0.0 0.0 0.0 0.0
29150.0 3.40126e-27 0.0 0.0 0.0 0.0
29250.0 3.40253e-27 0.0 0.0 0.0 0.0
29350.0 3.4038e-27 0.0 0.0 0.0 0.0
29450.0 3.40506e-27 0.0 0.0 0.0 0.0
29550.0 3.40631e-27 0.0 0.0 0.0 0.0
29650.0 3.40756e-27 0.0 0.0 0.0 0.0
29750.0 3.4088e-27 0.0 0.0 0.0 0.0
29850.0 3.41004e-27 0.0 0.0 0.0 0.0
29950.0 3.41127e-27 0.0 0.0 0.0 0.0
30050.0 3.41276e-27 0.0 0.0 0.0 0.0
30150.0 3.41437e-27 0.0 0.0 0.0 0.0
30250.0 3.41598e-27 0.0 0.0 0.0 0.0
30350.0 3.41759e-27 0.0 0.0 0.0 0.0
30450.0 3.41918e-27 0.0 0.0 0.0 0.0
30550.0 3.42077e-27 0.0 0.0 0.0 0.0
30650.0 3.42234e-27 0.0 0.0 0.0 0.0
30750.0 3.42391e-27 0.0 0.0 0.0 0.0
30850.0 3.42547e-27 0.0 0.0 0.0 0.0
30950.0 3.42703e-27 0.0 0.0 0.0 0.0
31050.0 3.42857e-27 0.0 0.0 0.0 0.0
31150.0 3.43011e-27 0.0 0.0 0.0 0.0
31250.0 3.43164e-27 0.0 0.0 0.0 0.0
31350.0 3.43316e-27 0.0 0.0 0.0 0.0
31450.0 3.43468e-27 0.0 0.0 0.0 0.0
31550.0 3.43618e-27 0.0 0.0 0.0 0.0
31650.0 3.43768e-27 0.0 0.0 0.0 0.0
31750.0 3.43917e-27 0.0 0.0 0.0 0.0
31850.0 3.44066e-27 0.0 0.0 0.0 0.0
31950.0 3.44214e-27 0.0 0.0 0.0 0.0
32100.0 3.44434e-27 0.0 0.0 0.0 0.0
32300.0 3.44725e-27 0.0 0.0 0.0 0.0
32500.0 3.45013e-27 0.0 0.0 0.0 0.0
32700.0 3.45298e-27 0.0 0.0 0.0 0.0
32900.0 3.45581e-27 0.0 0.0 0.0 0.0
33100.0 3.45861e-27 0.0 0.0 0.0 0.0
33300.0 3.46138e-27 0.0 0.0 0.0 0.0
33500.0 3.46412e-27 0.0 0.0 0.0 0.0
33700.0 3.46684e-27 0.0 0.0 0.0 0.0
33900.0 3.46953e-27 0.0 0.0 0.0 0.0
34100.0 3.4722e-27 0.0 0.0 0.0 0.0
34300.0 3.47484e-27 0.0 0.0 0.0 0.0
34500.0 3.47746e-27 0.0 0.0 0.0 0.0
34700.0 3.48005e-27 0.0 0.0 0.0 0.0
34900.0 3.48262e-27 0.0 0.0 0.0 0.0
35100.0 3.48516e-27 0.0 0.0 0.0 0.0
35300.0 3.48768e-27 0.0 0.0 0.0 0.0
35500.0 3.49018e-27 0.0 0.0 0.0 0.0
35700.0 3.49265e-27 0.0 0.0 0.0 0.0
35900.0 3.49511e-27 0.0 0.0 0.0 0.0
36100.0 3.49754e-27 0.0 0.0 0.0 0.0
36300.0 3.49994e-27 0.0 0.0 0.0 0.0
36500.0 3.50233e-27 0.0 0.0 0.0 0.0
36700.0 3.50469e-27 0.0 0.0 0.0 0.0
36900.0 3.50703e-27 0.0 0.0 0.0 0.0
37100.0 3.50935e-27 0.0 0.0 0.0 0.0
37300.0 3.51165e-27 0.0 0.0 0.0 0.0
37500.0 3.51393e-27 0.0 0.0 0.0 0.0
37700.0 3.51619e-27 0.0 0.0 0.0 0.0
37900.0 3.51843e-27 0.0 0.0 0.0 0.0
38100.0 3.52065e-27 0.0 0.0 0.0 0.0
38300.0 3.52286e-27 0.0 0.0 0.0 0.0
38500.0 3.52504e-27 0.0 0.0 0.0 0.0
38700.0 3.5272e-27 0.0 0.0 0.0 0.0
38900.0 3.52934e-27 0.0 0.0 0.0 0.0
39100.0 3.53147e-27 0.0 0.0 0.0 0.0
39300.0 3.53358e-27 0.0 0.0 0.0 0.0
39500.0 3.53567e-27 0.0 0.0 0.0 0.0
39700.0 3.53774e-27 0.0 0.0 0.0 0.0
39900.0 3.53979e-27 0.0 0.0 0.0 0.0
40100.0 3.54183e-27 0.0 0.0 0.0 0.0
40300.0 3.54385e-27 0.0 0.0 0.0 0.0
40500.0 3.54585e-27 1.048e-25 0.0 0.0 0.0
40700.0 3.54784e-27 0.0 0.0 0.0 0.0
40900.0 3.54981e-27 0.0 0.0 0.0 0.0
41100.0 3.55176e-27 0.0 0.0 0.0 0.0
41300.0 3.5537e-27 0.0 0.0 0.0 0.0
41500.0 3.55562e-27 0.0 0.0 0.0 0.0
41700.0 3.55752e-27 0.0 0.0 0.0 0.0
41900.0 3.55941e-27 0.0 0.0 0.0 0.0
42100.0 3.56129e-27 0.0 0.0 0.0 0.0
42300.0 3.56315e-27 0.0 0.0 0.0 0.0
42500.0 3.56499e-27 0.0 0.0 0.0 0.0
42700.0 3.56682e-27 0.0 0.0 0.0 0.0
42900.0 3.56863e-27 0.0 0.0 0.0 0.0
43100.0 3.57043e-27 0.0 0.0 0.0 0.0
43300.0 3.57222e-27 0.0 0.0 0.0 0.0
43500.0 3.57399e-27 0.0 0.0 0.0 0.0
43700.0 3.57575e-27 0.0 0.0 0.0 0.0
43900.0 3.57749e-27 0.0 0.0 0.0 0.0
44100.0 3.57922e-27 0.0 0.0 0.0 0.0
44300.0 3.58094e-27 0.0 0.0 0.0 0.0
44500.0 3.58264e-27 0.0 0.0 0.0 0.0
44700.0 3.58433e-27 0.0 0.0 0.0 0.0
44900.0 3.58601e-27 0.0 0.0 0.0 0.0
45100.0 3.58767e-27 0.0 0.0 0.0 0.0
45300.0 3.58932e-27 0.0 0.0 0.0 0.0
45500.0 3.59096e-27 0.0 0.0 0.0 0.0
45700.0 3.59259e-27 0.0 0.0 0.0 0.0
45900.0 3.5942e-27 0.0 0.0 0.0 0.0
46100.0 3.5958e-27 0.0 0.0 0.0 0.0
46300.0 3.59739e-27 0.0 0.0 0.0 0.0
46500.0 3.59897e-27 0.0 0.0 0.0 0.0
46700.0 3.60053e-27 0.0 0.0 0.0 0.0
46900.0 3.60209e-27 0.0 0.0 0.0 0.0
47100.0 3.60363e-27 0.0 0.0 0.0 0.0
47300.0 3.60516e-27 0.0 0.0 0.0 0.0
47500.0 3.60668e-27 0.0 0.0 0.0 0.0
47700.0 3.60819e-27 0.0 0.0 0.0 0.0
47900.0 3.60969e-27 0.0 0.0 0.0 0.0
48100.0 3.61117e-27 0.0 0.0 0.0 0.0
48300.0 3.61265e-27 0.0 0.0 0.0 0.0
48500.0 3.61411e-27 0.0 0.0 0.0 0.0
48700.0 3.61557e-27 0.0 0.0 0.0 0.0
48900.0 3.61701e-27 0.0 0.0 0.0 0.0
49100.0 3.61844e-27 0.0 0.0 0.0 0.0
49300.0 3.61987e-27 0.0 0.0 0.0 0.0
49500.0 3.62128e-27 0.0 0.0 0.0 0.0
49700.0 3.62268e-27 0.0 0.0 0.0 0.0
49900.0 3.62408e-27 0.0 0.0 0.0 0.0
50100.0 3.62546e-27 0.0 0.0 0.0 0.0
50300.0 3.62683e-27 0.0 0.0 0.0 0.0
50500.0 3.6282e-27 0.0 0.0 0.0 0.0
50700.0 3.62955e-27 0.0 0.0 0.0 0.0
50900.0 3.63089e-27 0.0 0.0 0.0 0.0
51100.0 3.63223e-27 0.0 0.0 0.0 0.0
51300.0 3.63355e-27 0.0 0.0 0.0 0.0
51500.0 3.63487e-27 0.0 0.0 0.0 0.0
51700.0 3.63618e-27 0.0 0.0 0.0 0.0
51900.0 3.63748e-27 0.0 0.0 0.0 0.0
52100.0 3.63877e-27 0.0 0.0 0.0 0.0
52300.0 3.64005e-27 0.0 0.0 0.0 0.0
52500.0 3.64132e-27 0.0 0.0 0.0 0.0
52700.0 3.64258e-27 0.0 0.0 0.0 0.0
52900.0 3.64384e-27 0.0 0.0 0.0 0.0
53100.0 3.64509e-27 0.0 0.0 0.0 0.0
53300.0 3.64632e-27 0.0 0.0 0.0 0.0
53500.0 3.64755e-27 0.0 0.0 0.0 0.0
53700.0 3.64878e-27 0.0 0.0 0.0 0.0
53900.0 3.64999e-27 0.0 0.0 0.0 0.0
54100.0 3.6512e-27 0.0 0.0 0.0 0.0
54300.0 3.65239e-27 0.0 0.0 0.0 0.0
54500.0 3.65358e-27 0.0 0.0 0.0 0.0
54700.0 3.65476e-27 0.0 0.0 0.0 0.0
54900.0 3.65594e-27 0.0 0.0 0.0 0.0
55100.0 3.65711e-27 0.0 0.0 0.0 0.0
55300.0 3.65826e-27 0.0 0.0 0.0 0.0
55500.0 3.65942e-27 0.0 0.0 0.0 0.0
55700.0 3.66056e-27 0.0 0.0 0.0 0.0
55900.0 3.6617e-27 0.0 0.0 0.0 0.0
56100.0 3.66283e-27 0.0 0.0 0.0 0.0
56300.0 3.66395e-27 0.0 0.0 0.0 0.0
56500.0 3.66506e-27 0.0 0.0 0.0 0.0
56700.0 3.66617e-27 0.0 0.0 0.0 0.0
56900.0 3.66727e-27 0.0 0.0 0.0 0.0
57100.0 3.66836e-27 0.0 0.0 0.0 0.0
57300.0 3.66945e-27 0.0 0.0 0.0 0.0
57500.0 3.67053e-27 0.0 0.0 0.0 0.0
57700.0 3.6716e-27 0.0 0.0 0.0 0.0
57900.0 3.67267e-27 0.0 0.0 0.0 0.0
58100.0 3.67373e-27 0.0 0.0 0.0 0.0
58300.0 3.67478e-27 0.0 0.0 0.0 0.0
58500.0 3.67583e-27 0.0 0.0 0.0 0.0
58700.0 3.67687e-27 0.0 0.0 0.0 0.0
58900.0 3.6779e-27 0.0 0.0 0.0 0.0
59100.0 3.67893e-27 0.0 0.0 0.0 0.0
59300.0 3.67995e-27 0.0 0.0 0.0 0.0
59500.0 3.68097e-27 0.0 0.0 0.0 0.0
59700.0 3.68198e-27 0.0 0.0 0.0 0.0
59900.0 3.68298e-27 0.0 0.0 0.0 0.0
60100.0 3.68398e-27 0.0 0.0 0.0 0.0
60300.0 3.68497e-27 0.0 0.0 0.0 0.0
60500.0 3.68595e-27 0.0 0.0 0.0 0.0
60700.0 3.68693e-27 0.0 0.0 0.0 0.0
60900.0 3.6879e-27 0.0 0.0 0.0 0.0
61100.0 3.68887e-27 0.0 0.0 0.0 0.0
61300.0 3.68983e-27 0.0 0.0 0.0 0.0
61500.0 3.69079e-27 0.0 0.0 0.0 0.0
61700.0 3.69174e-27 0.0 0.0 0.0 0.0
61900.0 3.69268e-27 0.0 0.0 0.0 0.0
62100.0 3.69362e-27 0.0 0.0 0.0 0.0
62300.0 3.69455e-27 0.0 0.0 0.0 0.0
62500.0 3.69548e-27 0.0 0.0 0.0 0.0
62700.0 3.6964e-27 0.0 0.0 0.0 0.0
62900.0 3.69732e-27 0.0 0.0 0.0 0.0
63100.0 3.69823e-27 0.0 0.0 0.0 0.0
63300.0 3.69914e-27 0.0 0.0 0.0 0.0
63500.0 3.70004e-27 0.0 0.0 0.0 0.0
63700.0 3.70093e-27 0.0 0.0 0.0 0.0
63900.0 3.70183e-27 0.0 0.0 0.0 0.0
64200.0 3.70315e-27 0.0 0.0 0.0 0.0
64600.0 3.7049e-27 0.0 0.0 0.0 0.0
65000.0 3.70664e-27 0.0 0.0 0.0 0.0
65400.0 3.70835e-27 0.0 0.0 0.0 0.0
65800.0 3.71004e-27 0.0 0.0 0.0 0.0
66200.0 3.71171e-27 0.0 0.0 0.0 0.0
66600.0 3.71337e-27 0.0 0.0 0.0 0.0
67000.0 3.71501e-27 0.0 0.0 0.0 0.0
67400.0 3.71663e-27 0.0 0.0 0.0 0.0
67800.0 3.71823e-27 0.0 0.0 0.0 0.0
68200.0 3.71981e-27 0.0 0.0 0.0 0.0
68600.0 3.72138e-27 0.0 0.0 0.0 0.0
69000.0 3.72293e-27 0.0 0.0 0.0 0.0
69400.0 3.72446e-27 0.0 0.0 0.0 0.0
69800.0 3.72598e-27 0.0 0.0 0.0 0.0
70200.0 3.72748e-27 0.0 0.0 0.0 0.0
70600.0 3.72897e-27 0.0 0.0 0.0 0.0
71000.0 3.73044e-27 0.0 0.0 0.0 0.0
71400.0 3.73189e-27 0.0 0.0 0.0 0.0
71800.0 3.73333e-27 0.0 0.0 0.0 0.0
72200.0 3.73476e-27 0.0 0.0 0.0 0.0
72600.0 3.73617e-27 0.0 0.0 0.0 0.0
73000.0 3.73757e-27 0.0 0.0 0.0 0.0
73400.0 3.73895e-27 0.0 0.0 0.0 0.0
73800.0 3.74032e-27 0.0 0.0 0.0 0.0
74200.0 3.74167e-27 0.0 0.0 0.0 0.0
74600.0 3.74301e-27 0.0 0.0 0.0 0.0
75000.0 3.74434e-27 0.0 0.0 0.0 0.0
75400.0 3.74565e-27 0.0 0.0 0.0 0.0
75800.0 3.74696e-27 0.0 0.0 0.0 0.0
76200.0 3.74824e-27 0.0 0.0 0.0 0.0
76600.0 3.74952e-27 0.0 0.0 0.0 0.0
77000.0 3.75078e-27 0.0 0.0 0.0 0.0
77400.0 3.75204e-27 0.0 0.0 0.0 0.0
77800.0 3.75328e-27 0.0 0.0 0.0 0.0
78200.0 3.7545e-27 0.0 0.0 0.0 0.0
78600.0 3.75572e-27 0.0 0.0 0.0 0.0
79000.0 3.75692e-27 0.0 0.0 0.0 0.0
79400.0 3.75812e-27 0.0 0.0 0.0 0.0
79800.0 3.7593e-27 0.0 0.0 0.0 0.0
80200.0 3.76047e-27 0.0 0.0 0.0 0.0
80600.0 3.76163e-27 0.0 0.0 0.0 0.0
81000.0 3.76278e-27 0.0 0.0 0.0 0.0
81400.0 3.76392e-27 0.0 0.0 0.0 0.0
81800.0 3.76504e-27 0.0 0.0 0.0 0.0
82200.0 3.76616e-27 0.0 0.0 0.0 0.0
82600.0 3.76727e-27 0.0 0.0 0.0 0.0
83000.0 3.76837e-27 0.0 0.0 0.0 0.0
83400.0 3.76946e-27 0.0 0.0 0.0 0.0
83800.0 3.77053e-27 0.0 0.0 0.0 0.0
84200.0 3.7716e-27 0.0 0.0 0.0 0.0
84600.0 3.77266e-27 0.0 0.0 0.0 0.0
85000.0 3.77371e-27 0.0 0.0 0.0 0.0
85400.0 3.77475e-27 0.0 0.0 0.0 0.0
85800.0 3.77578e-27 0.0 0.0 0.0 0.0
86200.0 3.7768e-27 0.0 0.0 0.0 0.0
86600.0 3.77782e-27 0.0 0.0 0.0 0.0
87000.0 3.77882e-27 0.0 0.0 0.0 0.0
87400.0 3.77982e-27 0.0 0.0 0.0 0.0
87800.0 3.7808e-27 0.0 0.0 0.0 0.0
88200.0 3.78178e-27 0.0 0.0 0.0 0.0
88600.0 3.78275e-27 0.0 0.0 0.0 0.0
89000.0 3.78371e-27 0.0 0.0 0.0 0.0
89400.0 3.78467e-27 0.0 0.0 0.0 0.0
89800.0 3.78561e-27 0.0 0.0 0.0 0.0
90200.0 3.78655e-27 0.0 0.0 0.0 0.0
90600.0 3.78748e-27 0.0 0.0 0.0 0.0
91000.0 3.7884e-27 0.0 0.0 0.0 0.0
91400.0 3.78932e-27 0.0 0.0 0.0 0.0
91800.0 3.79023e-27 0.0 0.0 0.0 0.0
92200.0 3.79112e-27 0.0 0.0 0.0 0.0
92600.0 3.79202e-27 0.0 0.0 0.0 0.0
93000.0 3.7929e-27 0.0 0.0 0.0 0.0
93400.0 3.79378e-27 0.0 0.0 0.0 0.0
93800.0 3.79465e-27 0.0 0.0 0.0 0.0
94200.0 3.79551e-27 0.0 0.0 0.0 0.0
94600.0 3.79637e-27 0.0 0.0 0.0 0.0
95000.0 3.79722e-27 0.0 0.0 0.0 0.0
95400.0 3.79806e-27 0.0 0.0 0.0 0.0
95800.0 3.7989e-27 0.0 0.0 0.0 0.0
96200.0 3.79973e-27 0.0 0.0 0.0 0.0
96600.0 3.80055e-27 0.0 0.0 0.0 0.0
97000.0 3.80137e-27 0.0 0.0 0.0 0.0
97400.0 3.80218e-27 0.0 0.0 0.0 0.0
97800.0 3.80299e-27 0.0 0.0 0.0 0.0
98200.0 3.80378e-27 0.0 0.0 0.0 0.0
98600.0 3.80457e-27 0.0 0.0 0.0 0.0
99000.0 3.80536e-27 0.0 0.0 0.0 0.0
99400.0 3.80614e-27 0.0 0.0 0.0 0.0
99800.0 3.80691e-27 0.0 0.0 0.0 0.0
100200.0 3.42731e-27 0.0 0.0 0.0 0.0
200000.0 1.09042e-29 0.0 0.0 0.0 0.0
400000.0 8.81191e-30 0.0 0.0 0.0 0.0
600000.0 8.19184e-30 0.0 0.0 0.0 0.0
800000.0 7.89527e-30 0.0 0.0 0.0 0.0
1e+06 8.10811e-38 0.0 0.0 0.0 0.0
1.2e+06 8.10811e-38 0.0 0.0 0.0 0.0
1.4e+06 8.10811e-38 0.0 0.0 0.0 0.0
1.6e+06 8.10811e-38 0.0 0.0 0.0 0.0
2e+06 8.10811e-38 0.0 0.0 0.0 0.0
2.5e+06 8.10811e-38 0.0 0.0 0.0 0.0
3e+06 8.10811e-38 0.0 0.0 0.0 0.0
4e+06 8.10811e-38 0.0 0.0 0.0 0.0
5e+06 8.10811e-38 0.0 0.0 0.0 0.0
7e+06 8.10811e-38 0.0 0.0 0.0 0.0
1e+07 8.10811e-38 0.0 0.0 0.0 0.0
1.5e+07 8.10811e-38 0.0 0.0 0.0 0.0
2.25e+07 8.10811e-38 0.0 0.0 0.0 0.0
3.35e+07 8.10811e-38 0.0 0.0 0.0 0.0
5e+07 8.10811e-38 0.0 0.0 0.0 0.0
7.4e+07 8.10811e-38 0.0 0.0 0.0 0.0
1.1e+08 8.10811e-38 0.0 0.0 0.0 0.0
1.3e+08 8.10811e-38 0.0 0.0 0.0 0.0
1.6e+08 8.10811e-38 0.0 0.0 0.0 0.0
2.4e+08 8.10811e-38 0.0 0.0 0.0 0.0
3.6e+08 8.10811e-38 0.0 0.0 0.0 0.0
