  7005.  4.64091572E-05
  7010.  4.64404402E-05
  7015.  4.64717305E-05
  7020.  4.65030171E-05
  7025.  4.65343837E-05
  7030.  4.65657613E-05
  7035.  4.65971534E-05
  7040.  4.66285455E-05
  7045.  4.66599631E-05
  7050.  4.66913807E-05
  7055.  4.67213576E-05
  7060.  4.67504142E-05
  7065.  4.67794853E-05
  7070.  4.68085382E-05
  7075.  4.68376275E-05
  7080.  4.68667131E-05
  7085.  4.68957987E-05
  7090.  4.69248807E-05
  7095.  4.69540028E-05
  7100.  4.69831211E-05
  7105.  4.70136983E-05
  7110.  4.70451923E-05
  7115.  4.70767191E-05
  7120.  4.71082312E-05
  7125.  4.71397398E-05
  7130.  4.71712483E-05
  7135.  4.72027859E-05
  7140.  4.72343199E-05
  7145.  4.72658867E-05
  7150.  4.72974425E-05
  7155.  4.73299115E-05
  7160.  4.73629407E-05
  7165.  4.73960245E-05
  7170.  4.74290973E-05
  7175.  4.74621629E-05
  7180.  4.74952358E-05
  7185.  4.75283159E-05
  7190.  4.75613997E-05
  7195.  4.75944944E-05
  7200.  4.76275891E-05
  7205.  4.76595851E-05
  7210.  4.76908099E-05
  7215.  4.77220747E-05
  7220.  4.77533249E-05
  7225.  4.77846224E-05
  7230.  4.78158981E-05
  7235.  4.78471593E-05
  7240.  4.78784095E-05
  7245.  4.79096925E-05
  7250.  4.79409719E-05
  7255.  4.79717055E-05
  7260.  4.80020572E-05
  7265.  4.8032427E-05
  7270.  4.80627968E-05
  7275.  4.8093214E-05
  7280.  4.81236311E-05
  7285.  4.81540155E-05
  7290.  4.81843963E-05
  7295.  4.82147843E-05
  7300.  4.82451687E-05
  7305.  4.8276157E-05
  7310.  4.83075382E-05
  7315.  4.83389886E-05
  7320.  4.8370428E-05
  7325.  4.84019038E-05
  7330.  4.84333723E-05
  7335.  4.84648772E-05
  7340.  4.84963784E-05
  7345.  4.85279161E-05
  7350.  4.85594501E-05
  7355.  4.8591548E-05
  7360.  4.86240315E-05
  7365.  4.86565586E-05
  7370.  4.86890785E-05
  7375.  4.87216203E-05
  7380.  4.87541547E-05
  7385.  4.87867401E-05
  7390.  4.88193182E-05
  7395.  4.88519399E-05
  7400.  4.88845581E-05
  7405.  4.8916645E-05
  7410.  4.89483318E-05
  7415.  4.8980055E-05
  7420.  4.90117709E-05
  7425.  4.90435268E-05
  7430.  4.90752755E-05
  7435.  4.91070568E-05
  7440.  4.91388346E-05
  7445.  4.91706414E-05
  7450.  4.92024483E-05
  7455.  4.92334038E-05
  7460.  4.92637409E-05
  7465.  4.92940562E-05
  7470.  4.93243533E-05
  7475.  4.93546322E-05
  7480.  4.93849002E-05
  7485.  4.9415281E-05
  7490.  4.94456654E-05
  7495.  4.94762753E-05
  7500.  4.95068853E-05
  7505.  4.95308705E-05
  7510.  4.95556778E-05
  7515.  4.95806671E-05
  7520.  4.96056709E-05
  7525.  4.96308312E-05
  7530.  4.96559951E-05
  7535.  4.96812063E-05
  7540.  4.97064138E-05
  7545.  4.97316687E-05
  7550.  4.97569199E-05
  7555.  4.97818764E-05
  7560.  4.98066292E-05
  7565.  4.98313493E-05
  7570.  4.98560767E-05
  7575.  4.98808113E-05
  7580.  4.99055532E-05
  7585.  4.99302841E-05
  7590.  4.99550151E-05
  7595.  4.99797461E-05
  7600.  5.00044662E-05
  7605.  5.00283168E-05
  7610.  5.0051538E-05
  7615.  5.00747556E-05
  7620.  5.00979731E-05
  7625.  5.01211798E-05
  7630.  5.01443792E-05
  7635.  5.01675822E-05
  7640.  5.01907743E-05
  7645.  5.0213941E-05
  7650.  5.0237104E-05
  7655.  5.02629118E-05
  7660.  5.0290615E-05
  7665.  5.03183255E-05
  7670.  5.0346036E-05
  7675.  5.03737501E-05
  7680.  5.04014606E-05
  7685.  5.04291675E-05
  7690.  5.04568852E-05
  7695.  5.04845957E-05
  7700.  5.05123098E-05
  7705.  5.05391472E-05
  7710.  5.05653479E-05
  7715.  5.05915377E-05
  7720.  5.06177275E-05
  7725.  5.0643921E-05
  7730.  5.06701072E-05
  7735.  5.06962933E-05
  7740.  5.07224904E-05
  7745.  5.07486766E-05
  7750.  5.07748628E-05
  7755.  5.07990117E-05
  7760.  5.08216363E-05
  7765.  5.08442499E-05
  7770.  5.08668709E-05
  7775.  5.08894736E-05
  7780.  5.091208E-05
  7785.  5.09346719E-05
  7790.  5.09572674E-05
  7795.  5.09798629E-05
  7800.  5.10024547E-05
  7805.  5.10263999E-05
  7810.  5.10513601E-05
  7815.  5.10763057E-05
  7820.  5.11012331E-05
  7825.  5.11261969E-05
  7830.  5.11511462E-05
  7835.  5.11760991E-05
  7840.  5.12010483E-05
  7845.  5.12259867E-05
  7850.  5.12509359E-05
  7855.  5.12758779E-05
  7860.  5.13008163E-05
  7865.  5.13257582E-05
  7870.  5.1350693E-05
  7875.  5.1375624E-05
  7880.  5.14005515E-05
  7885.  5.14254789E-05
  7890.  5.145041E-05
  7895.  5.14753265E-05
  7900.  5.15002503E-05
  7905.  5.15251668E-05
  7910.  5.15500833E-05
  7915.  5.15749998E-05
  7920.  5.15999127E-05
  7925.  5.16248256E-05
  7930.  5.16497312E-05
  7935.  5.16746622E-05
  7940.  5.1699586E-05
  7945.  5.17245826E-05
  7950.  5.17495901E-05
  7955.  5.17741755E-05
  7960.  5.1798379E-05
  7965.  5.18225788E-05
  7970.  5.18467714E-05
  7975.  5.18711277E-05
  7980.  5.18954948E-05
  7985.  5.19209279E-05
  7990.  5.19463611E-05
  7995.  5.19739551E-05
  8000.  5.20015492E-05
  8005.  5.2011801E-05
  8010.  5.20220565E-05
  8015.  5.20339381E-05
  8020.  5.20458198E-05
  8025.  5.20585745E-05
  8030.  5.2071322E-05
  8035.  5.20844806E-05
  8040.  5.20976428E-05
  8045.  5.21109905E-05
  8050.  5.21243383E-05
  8055.  5.21377369E-05
  8060.  5.21511283E-05
  8065.  5.2164527E-05
  8070.  5.21779257E-05
  8075.  5.21913498E-05
  8080.  5.22047703E-05
  8085.  5.22182163E-05
  8090.  5.22316659E-05
  8095.  5.22450864E-05
  8100.  5.22585106E-05
  8105.  5.22719565E-05
  8110.  5.22853916E-05
  8115.  5.22988194E-05
  8120.  5.23122617E-05
  8125.  5.23257077E-05
  8130.  5.23391573E-05
  8135.  5.23526105E-05
  8140.  5.23660565E-05
  8145.  5.23794879E-05
  8150.  5.23929157E-05
  8155.  5.24063689E-05
  8160.  5.24198222E-05
  8165.  5.24332863E-05
  8170.  5.24467359E-05
  8175.  5.24601674E-05
  8180.  5.2473606E-05
  8185.  5.24870593E-05
  8190.  5.25005162E-05
  8195.  5.25139803E-05
  8200.  5.25274445E-05
  8205.  5.25408868E-05
  8210.  5.25543182E-05
  8215.  5.2567786E-05
  8220.  5.25812502E-05
  8225.  5.25947071E-05
  8230.  5.26081749E-05
  8235.  5.26216209E-05
  8240.  5.26350632E-05
  8245.  5.2648531E-05
  8250.  5.26619879E-05
  8255.  5.26768999E-05
  8260.  5.26930089E-05
  8265.  5.27090924E-05
  8270.  5.27251832E-05
  8275.  5.27412994E-05
  8280.  5.27574157E-05
  8285.  5.27735356E-05
  8290.  5.27896445E-05
  8295.  5.28057426E-05
  8300.  5.28218443E-05
  8305.  5.28385499E-05
  8310.  5.2855743E-05
  8315.  5.28729215E-05
  8320.  5.28901073E-05
  8325.  5.29072822E-05
  8330.  5.29244571E-05
  8335.  5.29416611E-05
  8340.  5.29588724E-05
  8345.  5.29760437E-05
  8350.  5.29932222E-05
  8355.  5.30094367E-05
  8360.  5.30247962E-05
  8365.  5.30401558E-05
  8370.  5.30555153E-05
  8375.  5.30708458E-05
  8380.  5.30861835E-05
  8385.  5.31015467E-05
  8390.  5.31169135E-05
  8395.  5.31322803E-05
  8400.  5.31476471E-05
  8405.  5.31630249E-05
  8410.  5.3178399E-05
  8415.  5.31937512E-05
  8420.  5.32091071E-05
  8425.  5.32244849E-05
  8430.  5.3239859E-05
  8435.  5.32552476E-05
  8440.  5.3270629E-05
  8445.  5.32860067E-05
  8450.  5.33013917E-05
  8455.  5.33160892E-05
  8460.  5.33301682E-05
  8465.  5.33442508E-05
  8470.  5.33583334E-05
  8475.  5.33724524E-05
  8480.  5.33865823E-05
  8485.  5.34008796E-05
  8490.  5.34151768E-05
  8495.  5.3429816E-05
  8500.  5.34444625E-05
  8505.  5.34755272E-05
  8510.  5.35066029E-05
  8515.  5.3537995E-05
  8520.  5.35694016E-05
  8525.  5.36009429E-05
  8530.  5.36324842E-05
  8535.  5.366408E-05
  8540.  5.36956868E-05
  8545.  5.37273336E-05
  8550.  5.37589985E-05
  8555.  5.94853118E-05
  8560.  7.02657417E-05
  8565.  8.10587953E-05
  8570.  9.18645164E-05
  8575.  0.000102682949
  8580.  0.000113514056
  8585.  0.000124357815
  8590.  0.000135214257
  8595.  0.00014608333
  8600.  0.000156965092
  8605.  0.000166439233
  8610.  0.000174651577
  8615.  0.000182873453
  8620.  0.000191104875
  8625.  0.000199345814
  8630.  0.000207596342
  8635.  0.000215856388
  8640.  0.000224125979
  8645.  0.00023240516
  8650.  0.000240693917
  8655.  0.000248992059
  8660.  0.000257299806
  8665.  0.000265617186
  8670.  0.000273944141
  8675.  0.000282280671
  8680.  0.000290626806
  8685.  0.000298982457
  8690.  0.000307347713
  8695.  0.000315722602
  8700.  0.000324107037
  8705.  0.000332500902
  8710.  0.000340904313
  8715.  0.000349317503
  8720.  0.000357740268
  8725.  0.000366172666
  8730.  0.000374614581
  8735.  0.000383066101
  8740.  0.000391527254
  8745.  0.000399998069
  8750.  0.00040847843
  8755.  0.000416968425
  8760.  0.000425467995
  8765.  0.000433977053
  8770.  0.000442495744
  8775.  0.000451024214
  8780.  0.000459562318
  8785.  0.000468110025
  8790.  0.000476667425
  8795.  0.000485234399
  8800.  0.000493810978
  8805.  0.00053238566
  8810.  0.000599059917
  8815.  0.000680174446
  8820.  0.000774851767
  8825.  0.0008982523
  8830.  0.00104869006
  8835.  0.00124207954
  8840.  0.00147599482
  8845.  0.00172464235
  8850.  0.00198723399
  8855.  0.00232439861
  8860.  0.00273219869
  8865.  0.00314046605
  8870.  0.00354920141
  8875.  0.00413016276
  8880.  0.00487500755
  8885.  0.00573469047
  8890.  0.00670392578
  8895.  0.0078754006
  8900.  0.0092400955
  8905.  0.0109700486
  8910.  0.0130497646
  8915.  0.0155900577
  8920.  0.0185724329
  8925.  0.0223013554
  8930.  0.0267485064
  8935.  0.0322033539
  8940.  0.0386299491
  8945.  0.04650167
  8950.  0.0557691269
  8955.  0.0670911893
  8960.  0.0804022402
  8965.  0.0958914161
  8970.  0.113494173
  8975.  0.133825615
  8980.  0.156810895
  8985.  0.182157427
  8990.  0.209804147
  8995.  0.239116371
  9000.  0.270055145
  9005.  0.301759928
  9010.  0.334269971
  9015.  0.365629464
  9020.  0.395860314
  9025.  0.423595786
  9030.  0.448878527
  9035.  0.471302778
  9040.  0.490912974
  9045.  0.507134497
  9050.  0.520011902
  9055.  0.530169249
  9060.  0.537635803
  9065.  0.542894602
  9070.  0.545963764
  9075.  0.547893643
  9080.  0.548690736
  9085.  0.549047112
  9090.  0.548963428
  9095.  0.548653126
  9100.  0.548114777
  9105.  0.547548831
  9110.  0.546953678
  9115.  0.546460032
  9120.  0.546065807
  9125.  0.545372963
  9130.  0.544378996
  9135.  0.543628275
  9140.  0.543120563
  9145.  0.542642176
  9150.  0.542191982
  9155.  0.541728616
  9160.  0.541250348
  9165.  0.541029394
  9170.  0.541067481
  9175.  0.541078389
  9180.  0.541060209
  9185.  0.541313589
  9190.  0.541841805
  9195.  0.5422436
  9200.  0.542515159
  9205.  0.54337126
  9210.  0.54482311
  9215.  0.546220064
  9220.  0.547559917
  9225.  0.548944473
  9230.  0.550373673
  9235.  0.551890135
  9240.  0.553495407
  9245.  0.554619372
  9250.  0.55524677
  9255.  0.555960715
  9260.  0.556763053
  9265.  0.557467163
  9270.  0.558068871
  9275.  0.558600783
  9280.  0.559059322
  9285.  0.559447825
  9290.  0.559762716
  9295.  0.55997932
  9300.  0.560092449
  9305.  0.560220242
  9310.  0.560362816
  9315.  0.560661972
  9320.  0.561124325
  9325.  0.561402917
  9330.  0.561488509
  9335.  0.561758697
  9340.  0.562222421
  9345.  0.562587559
  9350.  0.562848508
  9355.  0.563194752
  9360.  0.5636307
  9365.  0.56415236
  9370.  0.564764142
  9375.  0.565376103
  9380.  0.565988421
  9385.  0.566119969
  9390.  0.565741003
  9395.  0.565588236
  9400.  0.565675974
  9405.  0.565155208
  9410.  0.563985527
  9415.  0.562786281
  9420.  0.561555564
  9425.  0.560239077
  9430.  0.558830559
  9435.  0.557420611
  9440.  0.556009412
  9445.  0.554822743
  9450.  0.553878069
  9455.  0.553256929
  9460.  0.552985132
  9465.  0.552868009
  9470.  0.552918255
  9475.  0.553391933
  9480.  0.554323971
  9485.  0.555566549
  9490.  0.557146728
  9495.  0.558671117
  9500.  0.560135424
  9505.  0.561260283
  9510.  0.562063336
  9515.  0.562696934
  9520.  0.563146174
  9525.  0.563313484
  9530.  0.563172638
  9535.  0.562678814
  9540.  0.561798632
  9545.  0.56083256
  9550.  0.559772909
  9555.  0.5586133
  9560.  0.557344556
  9565.  0.556425691
  9570.  0.555894017
  9575.  0.555417001
  9580.  0.555001795
  9585.  0.554768085
  9590.  0.554736495
  9595.  0.55475986
  9600.  0.554845452
  9605.  0.555084467
  9610.  0.555495262
  9615.  0.555764914
  9620.  0.555878103
  9625.  0.555836022
  9630.  0.555621564
  9635.  0.555349767
  9640.  0.555014849
  9645.  0.554622233
  9650.  0.554166436
  9655.  0.553849339
  9660.  0.55368948
  9665.  0.55363971
  9670.  0.553716004
  9675.  0.553874791
  9680.  0.554128349
  9685.  0.554534197
  9690.  0.555114329
  9695.  0.555707276
  9700.  0.556316376
  9705.  0.55710566
  9710.  0.558101594
  9715.  0.558915198
  9720.  0.559522569
  9725.  0.559919417
  9730.  0.560077488
  9735.  0.560275972
  9740.  0.560522318
  9745.  0.560599685
  9750.  0.560485423
  9755.  0.560550272
  9760.  0.560822964
  9765.  0.561038435
  9770.  0.56118983
  9775.  0.56171447
  9780.  0.562672794
  9785.  0.563796282
  9790.  0.565113068
  9795.  0.566553533
  9800.  0.568139672
  9805.  0.569904685
  9810.  0.571879804
  9815.  0.573701501
  9820.  0.575346589
  9825.  0.576768577
  9830.  0.577932537
  9835.  0.578984082
  9840.  0.579906583
  9845.  0.580619872
  9850.  0.581090152
  9855.  0.581364572
  9860.  0.58141166
  9865.  0.581359923
  9870.  0.581194222
  9875.  0.58092916
  9880.  0.580550075
  9885.  0.580250919
  9890.  0.580049515
  9895.  0.579707623
  9900.  0.579202116
  9905.  0.578873098
  9910.  0.578756571
  9915.  0.578320682
  9920.  0.577507794
  9925.  0.576815605
  9930.  0.5762707
  9935.  0.575585604
  9940.  0.57473582
  9945.  0.573718369
  9950.  0.572502911
  9955.  0.571297765
  9960.  0.570108652
  9965.  0.568943799
  9970.  0.567811489
  9975.  0.56684041
  9980.  0.566067278
  9985.  0.565400243
  9990.  0.564865291
  9995.  0.564668834
  10000.  0.564886451
  10005.  0.565266848
  10010.  0.565597653
  10015.  0.566008091
  10020.  0.566518366
  10025.  0.567094862
  10030.  0.567755282
  10035.  0.567976773
  10040.  0.56766361
  10045.  0.567142367
  10050.  0.566369534
  10055.  0.56534785
  10060.  0.564024329
  10065.  0.562396228
  10070.  0.5603953
  10075.  0.558157921
  10080.  0.555631876
  10085.  0.553252399
  10090.  0.551057041
  10095.  0.549319446
  10100.  0.548154175
  10105.  0.546985388
  10110.  0.545815229
  10115.  0.545119584
  10120.  0.545016706
  10125.  0.545403242
  10130.  0.546400547
  10135.  0.547560453
  10140.  0.548926294
  10145.  0.550468445
  10150.  0.552233934
  10155.  0.553903282
  10160.  0.555453718
  10165.  0.556813657
  10170.  0.557935119
  10175.  0.558579206
  10180.  0.55862242
  10185.  0.558391809
  10190.  0.557816803
  10195.  0.556762993
  10200.  0.555106521
  10205.  0.553255677
  10210.  0.551159859
  10215.  0.549196661
  10220.  0.547404468
  10225.  0.545948863
  10230.  0.544924736
  10235.  0.544293165
  10240.  0.544163764
  10245.  0.544575214
  10250.  0.545683026
  10255.  0.547564328
  10260.  0.550440609
  10265.  0.553547204
  10270.  0.556951046
  10275.  0.560777307
  10280.  0.56515187
  10285.  0.569420338
  10290.  0.573551953
  10295.  0.577563524
  10300.  0.581420302
  10305.  0.584924817
  10310.  0.587973833
  10315.  0.590632915
  10320.  0.592783928
  10325.  0.59433955
  10330.  0.595119298
  10335.  0.595749259
  10340.  0.596185088
  10345.  0.596227288
  10350.  0.595756769
  10355.  0.595351577
  10360.  0.595034301
  10365.  0.594674826
  10370.  0.594261527
  10375.  0.594171226
  10380.  0.594507694
  10385.  0.594938159
  10390.  0.595493138
  10395.  0.596006989
  10400.  0.596467495
  10405.  0.597210765
  10410.  0.598330259
  10415.  0.599165797
  10420.  0.599625528
  10425.  0.59984231
  10430.  0.59973532
  10435.  0.59950608
  10440.  0.599114358
  10445.  0.598478794
  10450.  0.597518206
  10455.  0.596300125
  10460.  0.594739139
  10465.  0.592893183
  10470.  0.590664327
  10475.  0.588553965
  10480.  0.586604893
  10485.  0.584397674
  10490.  0.581843853
  10495.  0.579301894
  10500.  0.576777577
  10505.  0.574044168
  10510.  0.571345687
  10515.  0.568861544
  10520.  0.566668868
  10525.  0.564864635
  10530.  0.563588738
  10535.  0.562728286
  10540.  0.562432766
  10545.  0.562656939
  10550.  0.563593805
  10555.  0.564730346
  10560.  0.566141009
  10565.  0.567830741
  10570.  0.569902778
  10575.  0.572014987
  10580.  0.574183404
  10585.  0.576298475
  10590.  0.578339994
  10595.  0.580261707
  10600.  0.582018316
  10605.  0.583057582
  10610.  0.583106458
  10615.  0.582613349
  10620.  0.581365943
  10625.  0.579272866
  10630.  0.576002419
  10635.  0.571506023
  10640.  0.565302193
  10645.  0.557334125
  10650.  0.546889484
  10655.  0.534105003
  10660.  0.51803571
  10665.  0.499442846
  10670.  0.47730732
  10675.  0.453172296
  10680.  0.426230282
  10685.  0.398271084
  10690.  0.368872255
  10695.  0.339344233
  10700.  0.30963251
  10705.  0.28070733
  10710.  0.252894461
  10715.  0.22688584
  10720.  0.20342961
  10725.  0.18133077
  10730.  0.161169127
  10735.  0.142596185
  10740.  0.126290798
  10745.  0.11099387
  10750.  0.0971361622
  10755.  0.0844780654
  10760.  0.0735460147
  10765.  0.0634860694
  10770.  0.0546809472
  10775.  0.0467516407
  10780.  0.0400825776
  10785.  0.0340749882
  10790.  0.0290191751
  10795.  0.0246072151
  10800.  0.0211292692
  10805.  0.0180909038
  10810.  0.015690228
  10815.  0.0135087213
  10820.  0.0116451327
  10825.  0.0100398231
  10830.  0.00880919304
  10835.  0.00773200532
  10840.  0.00687922025
  10845.  0.00612982456
  10850.  0.00553162722
  10855.  0.00495832926
  10860.  0.0044214339
  10865.  0.00397457927
  10870.  0.00365941087
  10875.  0.00339500699
  10880.  0.00320550869
  10885.  0.00296513084
  10890.  0.00264965883
  10895.  0.00243612286
  10900.  0.00237301178
  10905.  0.00222611567
  10910.  0.00195455737
  10915.  0.00174646289
  10920.  0.00163278508
  10925.  0.00150654709
  10930.  0.00136161665
  10935.  0.00120394083
  10940.  0.00102729804
  10945.  0.000888476847
  10950.  0.000806384778
  10955.  0.000726832252
  10960.  0.000651087495
  10965.  0.000575356826
  10970.  0.000499644724
  10975.  0.00042396257
  10980.  0.000348324247
  10985.  0.000285224349
  10990.  0.000241085421
  10995.  0.000222046001
  11000.  0.000240979251
  11005.  0.000227265744
  11010.  0.000164156707
  11015.  0.000125271341
  11020.  0.000123021935
  11025.  0.000120772442
  11030.  0.000118522847
  11035.  0.00011627315
  11040.  0.000114023343
  11045.  0.00011177345
  11050.  0.000109523447
  11055.  0.000107273343
  11060.  0.000105023144
  11065.  0.00010277285
  11070.  0.000100522448
  11075.  9.82719503E-05
  11080.  9.60213438E-05
  11085.  9.377065E-05
  11090.  9.15198543E-05
  11095.  8.92689568E-05
  11100.  8.70179574E-05
  11105.  8.47668634E-05
  11110.  8.25156603E-05
  11115.  8.02643699E-05
  11120.  7.80129776E-05
  11125.  7.57614762E-05
  11130.  7.35098729E-05
  11135.  7.12581823E-05
  11140.  6.90063898E-05
  11145.  6.67544882E-05
  11150.  6.4502492E-05
  11155.  6.55905387E-05
  11160.  7.19022064E-05
  11165.  7.82141578E-05
  11170.  8.4526393E-05
  11175.  9.08388974E-05
  11180.  9.71516856E-05
  11185.  0.000103464743
  11190.  0.000109778099
  11195.  0.000116091724
  11200.  0.000122405632
  11205.  0.00012871981
  11210.  0.000135034294
  11215.  0.000141349024
  11220.  0.000147664046
  11225.  0.000153979359
  11230.  0.000160294949
  11235.  0.000166610815
  11240.  0.000172926928
  11245.  0.000179243376
  11250.  0.000185560071
  11255.  0.000189266706
  11260.  0.000188785736
  11265.  0.000188304723
  11270.  0.000187823709
  11275.  0.000187342652
  11280.  0.000186861624
  11285.  0.000186380537
  11290.  0.000185899407
  11295.  0.000185418307
  11300.  0.000184937133
  11305.  0.000184455974
  11310.  0.000183974771
  11315.  0.000183493568
  11320.  0.000183012336
  11325.  0.000182531061
  11330.  0.000182049786
  11335.  0.000181568481
  11340.  0.000181087162
  11345.  0.000180605828
  11350.  0.000180124465
  11355.  0.000179643088
  11360.  0.000179161652
  11365.  0.000178680231
  11370.  0.000178198781
  11375.  0.000177717317
  11380.  0.000177235837
  11385.  0.000176754314
  11390.  0.000176272777
  11395.  0.00017579121
  11400.  0.000175309629
  11405.  0.000174828048
  11410.  0.000174346409
  11415.  0.00017386477
  11420.  0.000173383101
  11425.  0.000172901418
  11430.  0.000172419706
  11435.  0.00017193798
  11440.  0.000171456239
  11445.  0.000170974454
  11450.  0.000170492669
  11455.  0.000170010826
  11460.  0.000169529027
  11465.  0.00016904714
  11470.  0.000168565268
  11475.  0.000168083381
  11480.  0.000167601451
  11485.  0.000167119506
  11490.  0.000166637532
  11495.  0.000166155558
  11500.  0.000165673555
  11505.  0.000165187128
  11510.  0.000164700716
  11515.  0.000164214318
  11520.  0.00016372792
  11525.  0.000163241522
  11530.  0.000162755125
  11535.  0.000162268756
  11540.  0.000161782358
  11545.  0.000161295975
  11550.  0.000160809592
  11555.  0.000160323223
  11560.  0.000159836854
  11565.  0.0001593505
  11570.  0.000158864161
  11575.  0.000158377778
  11580.  0.000157891453
  11585.  0.000157405084
  11590.  0.000156918759
  11595.  0.000156432405
  11600.  0.000155946094
  11605.  0.000155459769
  11610.  0.00015497343
  11615.  0.000154487119
  11620.  0.000154000809
  11625.  0.000153514484
  11630.  0.000153028188
  11635.  0.000152541877
  11640.  0.000152055582
  11645.  0.0001515693
  11650.  0.000151083004
  11655.  0.000150596723
  11660.  0.000150110442
  11665.  0.00014962416
  11670.  0.000149137893
  11675.  0.000148651627
  11680.  0.00014816536
  11685.  0.000147679108
  11690.  0.000147192855
  11695.  0.000146706603
  11700.  0.000146220365
  11705.  0.000145734113
  11710.  0.000145247875
  11715.  0.000144761638
  11720.  0.000144275415
  11725.  0.000143789177
  11730.  0.000143302968
  11735.  0.00014281676
  11740.  0.000142330551
  11745.  0.000141844343
  11750.  0.000141358134
  11755.  0.00014087194
  11760.  0.000140385731
  11765.  0.000139899552
  11770.  0.000139413372
  11775.  0.000138927193
  11780.  0.000138441013
  11785.  0.000137954834
  11790.  0.000137468669
  11795.  0.000136982489
  11800.  0.000136496339
  11805.  0.000136010189
  11810.  0.000135524038
  11815.  0.000135037888
  11820.  0.000134551738
  11825.  0.000134065602
  11830.  0.000133579466
  11835.  0.000133093345
  11840.  0.000132607223
  11845.  0.000132121102
  11850.  0.000131634981
  11855.  0.000131148874
  11860.  0.000130662753
  11865.  0.000130176646
  11870.  0.000129690554
  11875.  0.000129204462
  11880.  0.00012871837
  11885.  0.000128232263
  11890.  0.000127746185
  11895.  0.000127260108
  11900.  0.000126774044
  11905.  0.000126456958
  11910.  0.000126456405
  11915.  0.000126455838
  11920.  0.00012645527
  11925.  0.000126454717
  11930.  0.00012645415
  11935.  0.000126453597
  11940.  0.000126453044
  11945.  0.000126452476
  11950.  0.000126451923
  11955.  0.000124262966
  11960.  0.000117939344
  11965.  0.000111615765
  11970.  0.000105292253
  11975.  9.89687906E-05
  11980.  9.26453868E-05
  11985.  8.63220412E-05
  11990.  7.99987465E-05
  11995.  7.36755101E-05
  12000.  6.73523245E-05
  12005.  6.3205167E-05
  12010.  6.32061419E-05
  12015.  6.32071169E-05
  12020.  6.32081064E-05
  12025.  6.32090741E-05
  12030.  6.32100564E-05
  12035.  6.32110387E-05
  12040.  6.32120209E-05
  12045.  6.32129886E-05
  12050.  6.32139781E-05
  12055.  6.32149531E-05
  12060.  6.32159281E-05
  12065.  6.32169103E-05
  12070.  6.32178926E-05
  12075.  6.32188676E-05
  12080.  6.32198426E-05
  12085.  6.32208248E-05
  12090.  6.32218071E-05
  12095.  6.3222782E-05
  12100.  6.32237643E-05
  12105.  6.32247393E-05
  12110.  6.32257143E-05
  12115.  6.32266965E-05
  12120.  6.32276788E-05
  12125.  6.32286537E-05
  12130.  6.3229636E-05
  12135.  6.3230611E-05
  12140.  6.32315932E-05
  12145.  6.32325682E-05
  12150.  6.32335505E-05
  12155.  6.32345254E-05
  12160.  6.32355077E-05
  12165.  6.32364827E-05
  12170.  6.32374649E-05
  12175.  6.32384472E-05
  12180.  6.32394222E-05
  12185.  6.32403971E-05
  12190.  6.32413794E-05
  12195.  6.32423544E-05
  12200.  6.32433366E-05
  12205.  6.32443189E-05
  12210.  6.32452939E-05
  12215.  6.32462688E-05
  12220.  6.32472511E-05
  12225.  6.32482261E-05
  12230.  6.32492083E-05
  12235.  6.32501906E-05
  12240.  6.32511656E-05
  12245.  6.32521405E-05
  12250.  6.32531228E-05
  12255.  6.3254105E-05
  12260.  6.325508E-05
  12265.  6.32560623E-05
  12270.  6.32570373E-05
  12275.  6.32580195E-05
  12280.  6.32589945E-05
  12285.  6.32599767E-05
  12290.  6.32609517E-05
  12295.  6.32619267E-05
  12300.  6.3262909E-05
  12305.  6.32638912E-05
  12310.  6.32648662E-05
  12315.  6.32658484E-05
  12320.  6.32668234E-05
  12325.  6.32677984E-05
  12330.  6.32687807E-05
  12335.  6.32697629E-05
  12340.  6.32707379E-05
  12345.  6.32717201E-05
  12350.  6.32726951E-05
  12355.  6.32736774E-05
  12360.  6.32746523E-05
  12365.  6.32756346E-05
  12370.  6.32766096E-05
  12375.  6.32775918E-05
  12380.  6.32785668E-05
  12385.  6.32795491E-05
  12390.  6.32805313E-05
  12395.  6.32815063E-05
  12400.  6.32824813E-05
  12405.  6.32834635E-05
  12410.  6.32844385E-05
  12415.  6.32854208E-05
  12420.  6.3286403E-05
  12425.  6.3287378E-05
  12430.  6.3288353E-05
  12435.  6.32893352E-05
  12440.  6.32903175E-05
  12445.  6.32912925E-05
  12450.  6.32922747E-05
  12455.  6.3293257E-05
  12460.  6.32942247E-05
  12465.  6.32952069E-05
  12470.  6.32961892E-05
  12475.  6.32971714E-05
  12480.  6.32981391E-05
  12485.  6.32991287E-05
  12490.  6.33001036E-05
  12495.  6.33010786E-05
  12500.  6.33020609E-05
  12505.  6.32959127E-05
  12510.  6.32897572E-05
  12515.  6.32836091E-05
  12520.  6.32774536E-05
  12525.  6.32712981E-05
  12530.  6.32651499E-05
  12535.  6.32589945E-05
  12540.  6.3252839E-05
  12545.  6.32466908E-05
  12550.  6.32405427E-05
  12555.  6.32343872E-05
  12560.  6.32282317E-05
  12565.  6.32220836E-05
  12570.  6.32159354E-05
  12575.  6.32097799E-05
  12580.  6.32036244E-05
  12585.  6.31974763E-05
  12590.  6.31913281E-05
  12595.  6.31851726E-05
  12600.  6.31790172E-05
  12605.  6.3172869E-05
  12610.  6.31667208E-05
  12615.  6.31605653E-05
  12620.  6.31544099E-05
  12625.  6.31482617E-05
  12630.  6.31421135E-05
  12635.  6.3135958E-05
  12640.  6.31298099E-05
  12645.  6.31236544E-05
  12650.  6.31174989E-05
  12655.  6.31113508E-05
  12660.  6.31051953E-05
  12665.  6.30990398E-05
  12670.  6.30928917E-05
  12675.  6.30867435E-05
  12680.  6.3080588E-05
  12685.  6.30744325E-05
  12690.  6.30682844E-05
  12695.  6.30621362E-05
  12700.  6.30559807E-05
  12705.  6.30498325E-05
  12710.  6.30436771E-05
  12715.  6.30375289E-05
  12720.  6.30313734E-05
  12725.  6.30252252E-05
  12730.  6.30190698E-05
  12735.  6.30129216E-05
  12740.  6.30067661E-05
  12745.  6.3000618E-05
  12750.  6.29944698E-05
  12755.  6.29883143E-05
  12760.  6.29821589E-05
  12765.  6.29760107E-05
  12770.  6.29698552E-05
  12775.  6.29636997E-05
  12780.  6.29575516E-05
  12785.  6.29513961E-05
  12790.  6.29452479E-05
  12795.  6.29390925E-05
  12800.  6.2932937E-05
  12805.  6.29267888E-05
  12810.  6.29206406E-05
  12815.  6.29144924E-05
  12820.  6.29083297E-05
  12825.  6.29021815E-05
  12830.  6.28960333E-05
  12835.  6.28898852E-05
  12840.  6.28837224E-05
  12845.  6.28775742E-05
  12850.  6.28714261E-05
  12855.  6.28652779E-05
  12860.  6.28591151E-05
  12865.  6.28529669E-05
  12870.  6.28468188E-05
  12875.  6.28406706E-05
  12880.  6.28345151E-05
  12885.  6.28283597E-05
  12890.  6.28222115E-05
  12895.  6.2816056E-05
  12900.  6.28099006E-05
  12905.  6.28037524E-05
  12910.  6.27975969E-05
  12915.  6.27914487E-05
  12920.  6.27852933E-05
  12925.  6.27791378E-05
  12930.  6.27729896E-05
  12935.  6.27668414E-05
  12940.  6.2760686E-05
  12945.  6.27545378E-05
  12950.  6.27483823E-05
  12955.  6.27422341E-05
  12960.  6.27360787E-05
  12965.  6.27299305E-05
  12970.  6.2723775E-05
  12975.  6.27176269E-05
  12980.  6.27114714E-05
  12985.  6.27053232E-05
  12990.  6.26991678E-05
  12995.  6.26930196E-05
  13000.  6.26868641E-05
  13005.  6.26882829E-05
  13010.  6.26897672E-05
  13015.  6.2691237E-05
  13020.  6.2692714E-05
  13025.  6.2694191E-05
  13030.  6.26956753E-05
  13035.  6.2697145E-05
  13040.  6.26986148E-05
  13045.  6.27000991E-05
  13050.  6.27015761E-05
  13055.  6.27030531E-05
  13060.  6.27045301E-05
  13065.  6.27060072E-05
  13070.  6.27074769E-05
  13075.  6.27089612E-05
  13080.  6.27104382E-05
  13085.  6.27119152E-05
  13090.  6.2713385E-05
  13095.  6.2714862E-05
  13100.  6.2716339E-05
  13105.  6.27178233E-05
  13110.  6.27193003E-05
  13115.  6.27207701E-05
  13120.  6.27222471E-05
  13125.  6.27237241E-05
  13130.  6.27252011E-05
  13135.  6.27266854E-05
  13140.  6.27281552E-05
  13145.  6.27296322E-05
  13150.  6.27311019E-05
  13155.  6.27325862E-05
  13160.  6.27340632E-05
  13165.  6.27355403E-05
  13170.  6.27370173E-05
  13175.  6.27384943E-05
  13180.  6.27399641E-05
  13185.  6.27414483E-05
  13190.  6.27429254E-05
  13195.  6.27443951E-05
  13200.  6.27458721E-05
  13205.  6.27473491E-05
  13210.  6.27488262E-05
  13215.  6.27503105E-05
  13220.  6.27517875E-05
  13225.  6.27532572E-05
  13230.  6.27547342E-05
  13235.  6.27562113E-05
  13240.  6.27576883E-05
  13245.  6.27591726E-05
  13250.  6.27606496E-05
  13255.  6.27621193E-05
  13260.  6.27635964E-05
  13265.  6.27650734E-05
  13270.  6.27665504E-05
  13275.  6.27680274E-05
  13280.  6.27695044E-05
  13285.  6.27709815E-05
  13290.  6.27724512E-05
  13295.  6.27739428E-05
  13300.  6.27754125E-05
  13305.  6.27768895E-05
  13310.  6.27783666E-05
  13315.  6.27798436E-05
  13320.  6.27813133E-05
  13325.  6.27827976E-05
  13330.  6.27842746E-05
  13335.  6.27857517E-05
  13340.  6.27872287E-05
  13345.  6.27886984E-05
  13350.  6.27901827E-05
  13355.  6.27916597E-05
  13360.  6.27931367E-05
  13365.  6.27946065E-05
  13370.  6.27960908E-05
  13375.  6.27975678E-05
  13380.  6.27990376E-05
  13385.  6.28005218E-05
  13390.  6.28019989E-05
  13395.  6.28034686E-05
  13400.  6.28049456E-05
  13405.  6.28064299E-05
  13410.  6.28078997E-05
  13415.  6.28093767E-05
  13420.  6.2810861E-05
  13425.  6.28123307E-05
  13430.  6.28138077E-05
  13435.  6.2815292E-05
  13440.  6.28167618E-05
  13445.  6.28182388E-05
  13450.  6.28197158E-05
  13455.  6.28211928E-05
  13460.  6.28226699E-05
  13465.  6.28241542E-05
  13470.  6.28256239E-05
  13475.  6.28271009E-05
  13480.  6.28285779E-05
  13485.  6.2830055E-05
  13490.  6.28315247E-05
  13495.  6.28330163E-05
  13500.  6.2834486E-05
  13505.  6.28318376E-05
  13510.  6.28291818E-05
  13515.  6.28265407E-05
  13520.  6.28238995E-05
  13525.  6.2821251E-05
  13530.  6.28185953E-05
  13535.  6.28159469E-05
  13540.  6.28132984E-05
  13545.  6.281065E-05
  13550.  6.28080088E-05
  13555.  6.28053604E-05
  13560.  6.28027046E-05
  13565.  6.28000562E-05
  13570.  6.27974077E-05
  13575.  6.27947593E-05
  13580.  6.27921181E-05
  13585.  6.27894697E-05
  13590.  6.27868139E-05
  13595.  6.27841655E-05
  13600.  6.2781517E-05
  13605.  6.27788686E-05
  13610.  6.27762274E-05
  13615.  6.2773579E-05
  13620.  6.27709233E-05
  13625.  6.27682748E-05
  13630.  6.27656264E-05
  13635.  6.27629852E-05
  13640.  6.27603367E-05
  13645.  6.27576883E-05
  13650.  6.27550326E-05
  13655.  6.27523914E-05
  13660.  6.27497429E-05
  13665.  6.27470872E-05
  13670.  6.2744446E-05
  13675.  6.27417976E-05
  13680.  6.27391491E-05
  13685.  6.27365007E-05
  13690.  6.2733845E-05
  13695.  6.27311965E-05
  13700.  6.27285553E-05
  13705.  6.27259069E-05
  13710.  6.27232512E-05
  13715.  6.27206027E-05
  13720.  6.27179543E-05
  13725.  6.27153058E-05
  13730.  6.27126647E-05
  13735.  6.27100162E-05
  13740.  6.27073605E-05
  13745.  6.2704712E-05
  13750.  6.27020636E-05
  13755.  6.26994224E-05
  13760.  6.2696774E-05
  13765.  6.26941255E-05
  13770.  6.26914698E-05
  13775.  6.26888286E-05
  13780.  6.26861729E-05
  13785.  6.26835317E-05
  13790.  6.26808833E-05
  13795.  6.26782348E-05
  13800.  6.26755791E-05
  13805.  6.26729307E-05
  13810.  6.26702822E-05
  13815.  6.2667641E-05
  13820.  6.26649853E-05
  13825.  6.26623441E-05
  13830.  6.26596884E-05
  13835.  6.265704E-05
  13840.  6.26543915E-05
  13845.  6.26517431E-05
  13850.  6.26491019E-05
  13855.  6.26464534E-05
  13860.  6.26437977E-05
  13865.  6.26411493E-05
  13870.  6.26385008E-05
  13875.  6.26358524E-05
  13880.  6.26332039E-05
  13885.  6.26305555E-05
  13890.  6.2627907E-05
  13895.  6.26252586E-05
  13900.  6.26226029E-05
  13905.  6.26199617E-05
  13910.  6.26173132E-05
  13915.  6.26146648E-05
  13920.  6.26120163E-05
  13925.  6.26093679E-05
  13930.  6.26067122E-05
  13935.  6.26040637E-05
  13940.  6.26014153E-05
  13945.  6.25987741E-05
  13950.  6.25961256E-05
  13955.  6.25934699E-05
  13960.  6.25908215E-05
  13965.  6.25881803E-05
  13970.  6.25855246E-05
  13975.  6.25828761E-05
  13980.  6.25802277E-05
  13985.  6.25775792E-05
  13990.  6.25749308E-05
  13995.  6.25722823E-05
  14000.  6.25696339E-05
  14005.  6.25627217E-05
  14010.  6.25558023E-05
  14015.  6.25488901E-05
  14020.  6.2541978E-05
  14025.  6.25350585E-05
  14030.  6.25281464E-05
  14035.  6.25212269E-05
  14040.  6.25143148E-05
  14045.  6.25073953E-05
  14050.  6.25004905E-05
  14055.  6.2493571E-05
  14060.  6.24866589E-05
  14065.  6.24797467E-05
  14070.  6.24728273E-05
  14075.  6.24659151E-05
  14080.  6.24590029E-05
  14085.  6.24520908E-05
  14090.  6.24451714E-05
  14095.  6.24382519E-05
  14100.  6.24313398E-05
  14105.  6.24244203E-05
  14110.  6.24175154E-05
  14115.  6.2410596E-05
  14120.  6.24036838E-05
  14125.  6.23967644E-05
  14130.  6.23898522E-05
  14135.  6.23829328E-05
  14140.  6.23760207E-05
  14145.  6.23691085E-05
  14150.  6.23621891E-05
  14155.  6.23552769E-05
  14160.  6.23483647E-05
  14165.  6.23414453E-05
  14170.  6.23345331E-05
  14175.  6.23276137E-05
  14180.  6.23207015E-05
  14185.  6.23137821E-05
  14190.  6.23068699E-05
  14195.  6.22999578E-05
  14200.  6.22930384E-05
  14205.  6.26845649E-05
  14210.  6.44559696E-05
  14215.  6.62269813E-05
  14220.  6.79976001E-05
  14225.  6.97678042E-05
  14230.  7.15376227E-05
  14235.  7.33070265E-05
  14240.  7.50760373E-05
  14245.  7.68446553E-05
  14250.  7.8612873E-05
  14255.  8.03806834E-05
  14260.  8.21481008E-05
  14265.  8.3915118E-05
  14270.  8.56817351E-05
  14275.  8.74479592E-05
  14280.  8.92137687E-05
  14285.  9.09791925E-05
  14290.  9.27442088E-05
  14295.  9.45088323E-05
  14300.  9.62730483E-05
  14305.  9.80368713E-05
  14310.  9.98002943E-05
  14315.  0.000101563317
  14320.  0.000103325932
  14325.  0.000105088162
  14330.  0.000106849991
  14335.  0.000108611413
  14340.  0.000110372428
  14345.  0.000112133064
  14350.  0.000113893293
  14355.  0.000115653114
  14360.  0.00011741255
  14365.  0.000119171571
  14370.  0.000120930206
  14375.  0.000122688434
  14380.  0.000124446262
  14385.  0.000126203697
  14390.  0.000127960724
  14395.  0.000129717359
  14400.  0.000131473585
  14405.  0.00013322942
  14410.  0.000134984861
  14415.  0.000136739895
  14420.  0.000138494535
  14425.  0.000140248754
  14430.  0.000142002595
  14435.  0.000143756028
  14440.  0.000145509068
  14445.  0.000147261715
  14450.  0.00014901394
  14455.  0.000150765802
  14460.  0.000152517227
  14465.  0.000154268258
  14470.  0.000156018912
  14475.  0.000157769144
  14480.  0.000159518997
  14485.  0.000161268443
  14490.  0.000163017481
  14495.  0.000164766112
  14500.  0.000166514365
  14505.  0.000168301587
  14510.  0.000170089232
  14515.  0.000171877298
  14520.  0.000173665801
  14525.  0.000175454727
  14530.  0.000177244074
  14535.  0.000179033843
  14540.  0.000180824049
  14545.  0.000182614705
  14550.  0.000184405755
  14555.  0.000185415702
  14560.  0.000183374214
  14565.  0.000181332245
  14570.  0.000179289782
  14575.  0.000177246795
  14580.  0.000175203328
  14585.  0.000173159351
  14590.  0.00017111488
  14595.  0.000169069899
  14600.  0.000167024438
  14605.  0.000164978468
  14610.  0.000162932018
  14615.  0.000160885043
  14620.  0.000158837574
  14625.  0.000156789611
  14630.  0.000154741167
  14635.  0.000152692213
  14640.  0.000150642751
  14645.  0.000148592793
  14650.  0.000146542356
  14655.  0.000144491409
  14660.  0.000142439938
  14665.  0.000140387987
  14670.  0.000138335556
  14675.  0.000136282601
  14680.  0.000134229151
  14685.  0.000132175221
  14690.  0.000130120781
  14695.  0.000128065847
  14700.  0.000126010404
  14705.  0.000124249826
  14710.  0.000123699821
  14715.  0.000123149672
  14720.  0.000122599376
  14725.  0.000122048965
  14730.  0.000121498408
  14735.  0.00012094772
  14740.  0.000120396886
  14745.  0.000119845921
  14750.  0.000119294833
  14755.  0.000118743592
  14760.  0.000118192227
  14765.  0.000117640717
  14770.  0.000117089076
  14775.  0.000116537303
  14780.  0.000115985393
  14785.  0.000115433344
  14790.  0.00011488115
  14795.  0.000114328839
  14800.  0.000113776383
  14805.  0.000113223774
  14810.  0.000112671041
  14815.  0.000112118185
  14820.  0.000111565183
  14825.  0.000111012036
  14830.  0.000110458772
  14835.  0.000109905355
  14840.  0.000109351815
  14845.  0.000108798122
  14850.  0.000108244312
  14855.  0.00010769035
  14860.  0.000107136264
  14865.  0.00010658204
  14870.  0.000106027677
  14875.  0.000105473184
  14880.  0.000104918545
  14885.  0.000104363789
  14890.  0.000103808867
  14895.  0.000103253835
  14900.  0.000102698657
  14905.  0.000102143342
  14910.  0.000101587895
  14915.  0.000101032318
  14920.  0.000100476595
  14925.  9.99207405E-05
  14930.  9.93647336E-05
  14935.  9.88086103E-05
  14940.  9.82523488E-05
  14945.  9.76959491E-05
  14950.  9.71393965E-05
  14955.  9.65827348E-05
  14960.  9.60259276E-05
  14965.  9.54689822E-05
  14970.  9.49118985E-05
  14975.  9.43546765E-05
  14980.  9.37973309E-05
  14985.  9.32398398E-05
  14990.  9.26822104E-05
  14995.  9.212445E-05
  15000.  9.15665587E-05
  15005.  9.09884038E-05
  15010.  9.04103654E-05
  15015.  8.98324433E-05
  15020.  8.9254645E-05
  15025.  8.86769485E-05
  15030.  8.8099383E-05
  15035.  8.75219193E-05
  15040.  8.69445867E-05
  15045.  8.63673558E-05
  15050.  8.57902414E-05
  15055.  8.52132434E-05
  15060.  8.46363691E-05
  15065.  8.40595967E-05
  15070.  8.3482948E-05
  15075.  8.29064156E-05
  15080.  8.23299997E-05
  15085.  8.17536929E-05
  15090.  8.11775099E-05
  15095.  8.06014359E-05
  15100.  8.00254857E-05
  15105.  7.94496373E-05
  15110.  7.88739126E-05
  15115.  7.82983043E-05
  15120.  7.77228124E-05
  15125.  7.71474297E-05
  15130.  7.65721707E-05
  15135.  7.5997028E-05
  15140.  7.54219946E-05
  15145.  7.48470775E-05
  15150.  7.42722768E-05
  15155.  7.36975999E-05
  15160.  7.31230248E-05
  15165.  7.25485734E-05
  15170.  7.19742384E-05
  15175.  7.14000198E-05
  15180.  7.08259104E-05
  15185.  7.02519174E-05
  15190.  6.9678048E-05
  15195.  6.91042951E-05
  15200.  6.85306441E-05
  15205.  6.7957124E-05
  15210.  6.73837058E-05
  15215.  6.68104112E-05
  15220.  6.62372258E-05
  15225.  6.56641714E-05
  15230.  6.50912116E-05
  15235.  6.45183827E-05
  15240.  6.39456557E-05
  15245.  6.33730597E-05
  15250.  6.28005728E-05
  15255.  6.23219457E-05
  15260.  6.23143424E-05
  15265.  6.23067317E-05
  15270.  6.22991138E-05
  15275.  6.22915031E-05
  15280.  6.22838925E-05
  15285.  6.22762818E-05
  15290.  6.22686712E-05
  15295.  6.22610605E-05
  15300.  6.22534499E-05
  15305.  6.22458392E-05
  15310.  6.22382358E-05
  15315.  6.22306179E-05
  15320.  6.22230145E-05
  15325.  6.22154039E-05
  15330.  6.22078005E-05
  15335.  6.22001826E-05
  15340.  6.21925792E-05
  15345.  6.21849686E-05
  15350.  6.21773579E-05
  15355.  6.21699655E-05
  15360.  6.21636864E-05
  15365.  6.21573927E-05
  15370.  6.21511062E-05
  15375.  6.21448271E-05
  15380.  6.21385407E-05
  15385.  6.21322542E-05
  15390.  6.21259605E-05
  15395.  6.21196814E-05
  15400.  6.2113395E-05
  15405.  6.21071085E-05
  15410.  6.21008221E-05
  15415.  6.20945357E-05
  15420.  6.20882493E-05
  15425.  6.20819628E-05
  15430.  6.20756837E-05
  15435.  6.206939E-05
  15440.  6.20631035E-05
  15445.  6.20568244E-05
  15450.  6.2050538E-05
  15455.  6.20442443E-05
  15460.  6.20379651E-05
  15465.  6.20316787E-05
  15470.  6.2025385E-05
  15475.  6.20191058E-05
  15480.  6.20128194E-05
  15485.  6.2006533E-05
  15490.  6.20002465E-05
  15495.  6.19939601E-05
  15500.  6.19876737E-05
  15505.  6.19897037E-05
  15510.  6.19917409E-05
  15515.  6.19937782E-05
  15520.  6.19958155E-05
  15525.  6.19978528E-05
  15530.  6.19998827E-05
  15535.  6.200192E-05
  15540.  6.20039646E-05
  15545.  6.20059946E-05
  15550.  6.20080245E-05
  15555.  6.20100618E-05
  15560.  6.20120991E-05
  15565.  6.20141291E-05
  15570.  6.20161736E-05
  15575.  6.20182109E-05
  15580.  6.20202409E-05
  15585.  6.20222854E-05
  15590.  6.20243154E-05
  15595.  6.20263454E-05
  15600.  6.20283899E-05
  15605.  6.20304199E-05
  15610.  6.20324572E-05
  15615.  6.20344945E-05
  15620.  6.20365245E-05
  15625.  6.2038569E-05
  15630.  6.2040599E-05
  15635.  6.20426363E-05
  15640.  6.20446663E-05
  15645.  6.20467035E-05
  15650.  6.20487481E-05
  15655.  6.20507781E-05
  15660.  6.20528153E-05
  15665.  6.20548526E-05
  15670.  6.20568826E-05
  15675.  6.20589199E-05
  15680.  6.20609571E-05
  15685.  6.20629944E-05
  15690.  6.20650317E-05
  15695.  6.20670617E-05
  15700.  6.20691062E-05
  15705.  6.20711362E-05
  15710.  6.20731735E-05
  15715.  6.20752107E-05
  15720.  6.20772407E-05
  15725.  6.2079278E-05
  15730.  6.20813153E-05
  15735.  6.20833525E-05
  15740.  6.20853898E-05
  15745.  6.20874271E-05
  15750.  6.20894571E-05
  15755.  6.20914361E-05
  15760.  6.2093015E-05
  15765.  6.20946084E-05
  15770.  6.20961873E-05
  15775.  6.20977735E-05
  15780.  6.20993596E-05
  15785.  6.21009458E-05
  15790.  6.2102532E-05
  15795.  6.21041181E-05
  15800.  6.21057043E-05
  15805.  6.21072904E-05
  15810.  6.21088766E-05
  15815.  6.21104555E-05
  15820.  6.21120416E-05
  15825.  6.21136205E-05
  15830.  6.2115214E-05
  15835.  6.21168001E-05
  15840.  6.21183863E-05
  15845.  6.21199724E-05
  15850.  6.21215513E-05
  15855.  6.21231447E-05
  15860.  6.21247236E-05
  15865.  6.21263098E-05
  15870.  6.21278959E-05
  15875.  6.21294821E-05
  15880.  6.21310683E-05
  15885.  6.21326471E-05
  15890.  6.21342333E-05
  15895.  6.21358195E-05
  15900.  6.21374056E-05
  15905.  6.21389918E-05
  15910.  6.21405707E-05
  15915.  6.21421568E-05
  15920.  6.2143743E-05
  15925.  6.21453291E-05
  15930.  6.21469153E-05
  15935.  6.21485015E-05
  15940.  6.21500876E-05
  15945.  6.21516665E-05
  15950.  6.21532527E-05
  15955.  6.21548388E-05
  15960.  6.2156425E-05
  15965.  6.21580111E-05
  15970.  6.21595973E-05
  15975.  6.21611762E-05
  15980.  6.21627551E-05
  15985.  6.21643412E-05
  15990.  6.21659274E-05
  15995.  6.21675135E-05
  16000.  6.21690997E-05
  16005.  6.21746585E-05
  16010.  6.21813597E-05
  16015.  6.21880608E-05
  16020.  6.2194762E-05
  16025.  6.22014632E-05
  16030.  6.22081643E-05
  16035.  6.22148655E-05
  16040.  6.22215739E-05
  16045.  6.22282678E-05
  16050.  6.22349762E-05
  16055.  6.22416774E-05
  16060.  6.22483785E-05
  16065.  6.22550797E-05
  16070.  6.22617881E-05
  16075.  6.22684893E-05
  16080.  6.22751904E-05
  16085.  6.22818989E-05
  16090.  6.22886E-05
  16095.  6.22953012E-05
  16100.  6.23020096E-05
  16105.  6.23086016E-05
  16110.  6.23143715E-05
  16115.  6.23201413E-05
  16120.  6.23259111E-05
  16125.  6.23316882E-05
  16130.  6.23374508E-05
  16135.  6.23432206E-05
  16140.  6.23489905E-05
  16145.  6.23547603E-05
  16150.  6.23605301E-05
  16155.  6.23663E-05
  16160.  6.23720698E-05
  16165.  6.23778396E-05
  16170.  6.23836095E-05
  16175.  6.23893793E-05
  16180.  6.23951491E-05
  16185.  6.2400919E-05
  16190.  6.24066888E-05
  16195.  6.24124586E-05
  16200.  6.24182212E-05
  16205.  6.24201493E-05
  16210.  6.24220702E-05
  16215.  6.24239983E-05
  16220.  6.24259192E-05
  16225.  6.24278473E-05
  16230.  6.24297681E-05
  16235.  6.2431689E-05
  16240.  6.24336099E-05
  16245.  6.2435538E-05
  16250.  6.24374588E-05
  16255.  6.2439387E-05
  16260.  6.24413078E-05
  16265.  6.24432287E-05
  16270.  6.24451495E-05
  16275.  6.24470704E-05
  16280.  6.24489985E-05
  16285.  6.24509194E-05
  16290.  6.24528475E-05
  16295.  6.24547683E-05
  16300.  6.24566965E-05
  16305.  6.24586173E-05
  16310.  6.24605382E-05
  16315.  6.24624663E-05
  16320.  6.24643872E-05
  16325.  6.24663153E-05
  16330.  6.24682361E-05
  16335.  6.2470157E-05
  16340.  6.24720778E-05
  16345.  6.2474006E-05
  16350.  6.24759268E-05
  16355.  6.2477855E-05
  16360.  6.24797758E-05
  16365.  6.24816967E-05
  16370.  6.24836248E-05
  16375.  6.24855384E-05
  16380.  6.24874665E-05
  16385.  6.24893873E-05
  16390.  6.24913155E-05
  16395.  6.24932363E-05
  16400.  6.24951645E-05
  16405.  6.25077519E-05
  16410.  6.25203393E-05
  16415.  6.25329267E-05
  16420.  6.25455141E-05
  16425.  6.25581088E-05
  16430.  6.25706962E-05
  16435.  6.25832763E-05
  16440.  6.2595871E-05
  16445.  6.26084584E-05
  16450.  6.26210458E-05
  16455.  6.26336332E-05
  16460.  6.26462279E-05
  16465.  6.26588153E-05
  16470.  6.26714027E-05
  16475.  6.26839901E-05
  16480.  6.26965775E-05
  16485.  6.27091722E-05
  16490.  6.27217523E-05
  16495.  6.27343397E-05
  16500.  6.27469344E-05
  16505.  6.27595218E-05
  16510.  6.27721092E-05
  16515.  6.27846966E-05
  16520.  6.2797284E-05
  16525.  6.28098787E-05
  16530.  6.28224661E-05
  16535.  6.28350463E-05
  16540.  6.28476409E-05
  16545.  6.28602284E-05
  16550.  6.28728158E-05
  16555.  6.28854032E-05
  16560.  6.28979979E-05
  16565.  6.29105853E-05
  16570.  6.29231727E-05
  16575.  6.29357601E-05
  16580.  6.29483475E-05
  16585.  6.29609349E-05
  16590.  6.29735223E-05
  16595.  6.29861097E-05
  16600.  6.29987044E-05
  16605.  6.29448477E-05
  16610.  6.28909984E-05
  16615.  6.28371417E-05
  16620.  6.27832924E-05
  16625.  6.2729443E-05
  16630.  6.26755937E-05
  16635.  6.26217443E-05
  16640.  6.25678949E-05
  16645.  6.25140456E-05
  16650.  6.24601962E-05
  16655.  6.24063396E-05
  16660.  6.23524902E-05
  16665.  6.22986336E-05
  16670.  6.22447842E-05
  16675.  6.21909348E-05
  16680.  6.21370855E-05
  16685.  6.20832361E-05
  16690.  6.20293868E-05
  16695.  6.19755374E-05
  16700.  6.1921688E-05
  16705.  6.18678314E-05
  16710.  6.1813982E-05
  16715.  6.17601254E-05
  16720.  6.1706276E-05
  16725.  6.16524194E-05
  16730.  6.159857E-05
  16735.  6.15447279E-05
  16740.  6.14908786E-05
  16745.  6.14370219E-05
  16750.  6.13831726E-05
  16755.  6.13293232E-05
  16760.  6.12754739E-05
  16765.  6.12216172E-05
  16770.  6.11677679E-05
  16775.  6.11139112E-05
  16780.  6.10600619E-05
  16785.  6.10062198E-05
  16790.  6.09523631E-05
  16795.  6.08985138E-05
  16800.  6.08446644E-05
  16805.  6.07832917E-05
  16810.  6.07219226E-05
  16815.  6.06605572E-05
  16820.  6.05991881E-05
  16825.  6.05378154E-05
  16830.  6.04764464E-05
  16835.  6.04150773E-05
  16840.  6.03537046E-05
  16845.  6.02923428E-05
  16850.  6.02309701E-05
  16855.  6.01696011E-05
  16860.  6.01082284E-05
  16865.  6.00468593E-05
  16870.  5.99854939E-05
  16875.  5.99241248E-05
  16880.  5.98627557E-05
  16885.  5.98013903E-05
  16890.  5.9740014E-05
  16895.  5.96786485E-05
  16900.  5.96172795E-05
  16905.  5.95559068E-05
  16910.  5.9494545E-05
  16915.  5.94331686E-05
  16920.  5.93718032E-05
  16925.  5.93104342E-05
  16930.  5.92490615E-05
  16935.  5.91876924E-05
  16940.  5.91263197E-05
  16945.  5.90649579E-05
  16950.  5.90035852E-05
  16955.  5.89422161E-05
  16960.  5.88808289E-05
  16965.  5.88194525E-05
  16970.  5.87580653E-05
  16975.  5.86966817E-05
  16980.  5.86353017E-05
  16985.  5.85739108E-05
  16990.  5.85125308E-05
  16995.  5.84511472E-05
  17000.  5.83897672E-05
  17005.  5.83079236E-05
  17010.  5.822608E-05
  17015.  5.81442509E-05
  17020.  5.80624073E-05
  17025.  5.79805637E-05
  17030.  5.78987238E-05
  17035.  5.78168874E-05
  17040.  5.77350474E-05
  17045.  5.76532111E-05
  17050.  5.75713711E-05
  17055.  5.74895312E-05
  17060.  5.74076912E-05
  17065.  5.73258549E-05
  17070.  5.72440113E-05
  17075.  5.71621749E-05
  17080.  5.70803386E-05
  17085.  5.69984986E-05
  17090.  5.69166587E-05
  17095.  5.6834815E-05
  17100.  5.67529823E-05
  17105.  5.66711424E-05
  17110.  5.65893024E-05
  17115.  5.65074624E-05
  17120.  5.64256261E-05
  17125.  5.63437825E-05
  17130.  5.62619462E-05
  17135.  5.61801098E-05
  17140.  5.60982699E-05
  17145.  5.60164299E-05
  17150.  5.59345935E-05
  17155.  5.58527536E-05
  17160.  5.57709172E-05
  17165.  5.56890773E-05
  17170.  5.56072373E-05
  17175.  5.55253973E-05
  17180.  5.5443561E-05
  17185.  5.5361721E-05
  17190.  5.52798847E-05
  17195.  5.51980484E-05
  17200.  5.51162047E-05
  17205.  5.48140742E-05
  17210.  5.45119365E-05
  17215.  5.42097987E-05
  17220.  5.39076682E-05
  17225.  5.36055377E-05
  17230.  5.33033999E-05
  17235.  5.30012694E-05
  17240.  5.26991353E-05
  17245.  5.23969975E-05
  17250.  5.2094867E-05
  17255.  5.17927365E-05
  17260.  5.14905987E-05
  17265.  5.11884682E-05
  17270.  5.08863341E-05
  17275.  5.05841963E-05
  17280.  5.02820731E-05
  17285.  4.9979928E-05
  17290.  4.96778011E-05
  17295.  4.93756706E-05
  17300.  4.90735401E-05
  17305.  4.87714024E-05
  17310.  4.84692719E-05
  17315.  4.81671414E-05
  17320.  4.78650072E-05
  17325.  4.75628804E-05
  17330.  4.72607462E-05
  17335.  4.69586194E-05
  17340.  4.66564852E-05
  17345.  4.63543511E-05
  17350.  4.60522242E-05
  17355.  4.57500937E-05
  17360.  4.54479596E-05
  17365.  4.51458327E-05
  17370.  4.48437022E-05
  17375.  4.45415681E-05
  17380.  4.42394412E-05
  17385.  4.39373107E-05
  17390.  4.36351838E-05
  17395.  4.33330533E-05
  17400.  4.30309228E-05
  17405.  4.24272002E-05
  17410.  4.18234777E-05
  17415.  4.12197587E-05
  17420.  4.06160361E-05
  17425.  4.00123135E-05
  17430.  3.9408591E-05
  17435.  3.88048684E-05
  17440.  3.82011494E-05
  17445.  3.75974269E-05
  17450.  3.69937079E-05
  17455.  3.63899853E-05
  17460.  3.57862664E-05
  17465.  3.51825474E-05
  17470.  3.45788249E-05
  17475.  3.39751059E-05
  17480.  3.33713906E-05
  17485.  3.27676717E-05
  17490.  3.21639527E-05
  17495.  3.15602374E-05
  17500.  3.09565148E-05
  17505.  3.03528013E-05
  17510.  2.9749086E-05
  17515.  2.91453689E-05
  17520.  2.85416518E-05
  17525.  2.79379383E-05
  17530.  2.73342193E-05
  17535.  2.67305022E-05
  17540.  2.61267887E-05
  17545.  2.55230716E-05
  17550.  2.49193617E-05
  17555.  2.43156446E-05
  17560.  2.3711933E-05
  17565.  2.31082195E-05
  17570.  2.25045023E-05
  17575.  2.19007925E-05
  17580.  2.12970772E-05
  17585.  2.06933673E-05
  17590.  2.00896538E-05
  17595.  1.94859422E-05
  17600.  1.88822305E-05
  17605.  1.85327299E-05
  17610.  1.81832311E-05
  17615.  1.78337286E-05
  17620.  1.74842298E-05
  17625.  1.71347292E-05
  17630.  1.67852286E-05
  17635.  1.64357298E-05
  17640.  1.6086231E-05
  17645.  1.57367322E-05
  17650.  1.53872315E-05
  17655.  1.50377336E-05
  17660.  1.46882348E-05
  17665.  1.4338736E-05
  17670.  1.39892372E-05
  17675.  1.36397402E-05
  17680.  1.32902414E-05
  17685.  1.29407435E-05
  17690.  1.25912447E-05
  17695.  1.22417478E-05
  17700.  1.18922508E-05
  17705.  1.15427538E-05
  17710.  1.11932559E-05
  17715.  1.08437598E-05
  17720.  1.04942628E-05
  17725.  1.01447658E-05
  17730.  9.79526976E-06
  17735.  9.44577369E-06
  17740.  9.09627761E-06
  17745.  8.74678244E-06
  17750.  8.39728636E-06
  17755.  8.0477912E-06
  17760.  7.69829512E-06
  17765.  7.34879995E-06
  17770.  6.99930433E-06
  17775.  6.64981008E-06
  17780.  6.30031582E-06
  17785.  5.95082111E-06
  17790.  5.60132639E-06
  17795.  5.25183259E-06
  17800.  4.90233879E-06
  17805.  4.81107463E-06
  17810.  4.71980957E-06
  17815.  4.62854541E-06
  17820.  4.53728126E-06
  17825.  4.4460171E-06
  17830.  4.35475295E-06
  17835.  4.26348879E-06
  17840.  4.17222464E-06
  17845.  4.08096093E-06
  17850.  3.98969678E-06
  17855.  3.89843262E-06
  17860.  3.80716915E-06
  17865.  3.71590522E-06
  17870.  3.62464107E-06
  17875.  3.53337737E-06
  17880.  3.44211344E-06
  17885.  3.35084997E-06
  17890.  3.25958626E-06
  17895.  3.16832279E-06
  17900.  3.07705932E-06
  17905.  2.98579562E-06
  17910.  2.89453214E-06
  17915.  2.8032689E-06
  17920.  2.71200565E-06
  17925.  2.62074195E-06
  17930.  2.52947871E-06
  17935.  2.43821569E-06
  17940.  2.34695244E-06
  17945.  2.25568942E-06
  17950.  2.16442618E-06
  17955.  2.07316316E-06
  17960.  1.98190014E-06
  17965.  1.89063724E-06
  17970.  1.7993741E-06
  17975.  1.70811143E-06
  17980.  1.61684852E-06
  17985.  1.52558573E-06
  17990.  1.43432294E-06
  17995.  1.34306026E-06
  18000.  1.25179758E-06
  18005.  0.
  18010.  0.
