7999.0000   0.00000000
8000.0000   0.00000288 
8010.0000   0.00000552 
8020.0000   0.00000338 
8030.0000   0.00000015 
8040.0000   0.00000152 
8050.0000   0.00000534 
8060.0000   0.00000703 
8070.0000   0.00000591 
8080.0000   0.00000294 
8090.0000   0.00000019 
8100.0000   0.00000000 
8110.0000   0.00000000 
8120.0000   0.00000000 
8130.0000   0.00000000 
8140.0000   0.00000221 
8150.0000   0.00000453 
8160.0000   0.00000419 
8170.0000   0.00000229 
8180.0000   0.00000077 
8190.0000   0.00000002 
8200.0000   0.00000000 
8210.0000   0.00000000 
8220.0000   0.00000003 
8230.0000   0.00000000 
8240.0000   0.00000000 
8250.0000   0.00000000 
8260.0000   0.00000000 
8270.0000   0.00000000 
8280.0000   0.00000000 
8290.0000   0.00000000 
8300.0000   0.00000000 
8310.0000   0.00000000 
8320.0000   0.00000000 
8330.0000   0.00000000 
8340.0000   0.00000000 
8350.0000   0.00000000 
8360.0000   0.00000000 
8370.0000   0.00000000 
8380.0000   0.00000000 
8390.0000   0.00000000 
8400.0000   0.00000000 
8410.0000   0.00000000 
8420.0000   0.00000000 
8430.0000   0.00000000 
8440.0000   0.00000000 
8450.0000   0.00000000 
8460.0000   0.00000000 
8470.0000   0.00000000 
8480.0000   0.00000003 
8490.0000   0.00000000 
8500.0000   0.00000000 
8510.0000   0.00000004 
8520.0000   0.00000036 
8530.0000   0.00000000 
8540.0000   0.00000000 
8550.0000   0.00000073 
8560.0000   0.00000775 
8570.0000   0.00001458 
8580.0000   0.00001658 
8590.0000   0.00001290 
8600.0000   0.00000514 
8610.0000   0.00000000 
8620.0000   0.00000000 
8630.0000   0.00000019 
8640.0000   0.00000030 
8650.0000   0.00000000 
8660.0000   0.00000000 
8670.0000   0.00000002 
8680.0000   0.00000002 
8690.0000   0.00000000 
8700.0000   0.00000000 
8710.0000   0.00000000 
8720.0000   0.00000000 
8730.0000   0.00000000 
8740.0000   0.00000000 
8750.0000   0.00000000 
8760.0000   0.00000000 
8770.0000   0.00000000 
8780.0000   0.00000000 
8790.0000   0.00000000 
8800.0000   0.00000000 
8810.0000   0.00000000 
8820.0000   0.00000001 
8830.0000   0.00000000 
8840.0000   0.00000000 
8850.0000   0.00000003 
8860.0000   0.00000008 
8870.0000   0.00000000 
8880.0000   0.00000000 
8890.0000   0.00000041 
8900.0000   0.00000179 
8910.0000   0.00000203 
8920.0000   0.00000075 
8930.0000   0.00000000 
8940.0000   0.00000000 
8950.0000   0.00000006 
8960.0000   0.00000005 
8970.0000   0.00000000 
8980.0000   0.00000000 
8990.0000   0.00000000 
9000.0000   0.00000000 
9010.0000   0.00000000 
9020.0000   0.00000000 
9030.0000   0.00000000 
9040.0000   0.00000000 
9050.0000   0.00000000 
9060.0000   0.00000000 
9070.0000   0.00000000 
9080.0000   0.00000000 
9090.0000   0.00000000 
9100.0000   0.00000000 
9110.0000   0.00000002 
9120.0000   0.00000003 
9130.0000   0.00000000 
9140.0000   0.00000000 
9150.0000   0.00000027 
9160.0000   0.00000045 
9170.0000   0.00000000 
9180.0000   0.00000000 
9190.0000   0.00000416 
9200.0000   0.00001253 
9210.0000   0.00001180 
9220.0000   0.00000312 
9230.0000   0.00000000 
9240.0000   0.00000000 
9250.0000   0.00000005 
9260.0000   0.00000000 
9270.0000   0.00000153 
9280.0000   0.00000217 
9290.0000   0.00000000 
9300.0000   0.00000000 
9310.0000   0.00002630 
9320.0000   0.00007055 
9330.0000   0.00006203 
9340.0000   0.00001395 
9350.0000   0.00000000 
9360.0000   0.00000000 
9370.0000   0.00000273 
9380.0000   0.00000090 
9390.0000   0.00000000 
9400.0000   0.00000000 
9410.0000   0.00000020 
9420.0000   0.00000006 
9430.0000   0.00000000 
9440.0000   0.00000000 
9450.0000   0.00000001 
9460.0000   0.00000000 
9470.0000   0.00000000 
9480.0000   0.00000000 
9490.0000   0.00000000 
9500.0000   0.00000000 
9510.0000   0.00000000 
9520.0000   0.00000000 
9530.0000   0.00000000 
9540.0000   0.00000000 
9550.0000   0.00000000 
9560.0000   0.00000000 
9570.0000   0.00000000 
9580.0000   0.00000000 
9590.0000   0.00000000 
9600.0000   0.00000000 
9610.0000   0.00000000 
9620.0000   0.00000000 
9630.0000   0.00000000 
9640.0000   0.00000000 
9650.0000   0.00000000 
9660.0000   0.00000000 
9670.0000   0.00000000 
9680.0000   0.00000000 
9690.0000   0.00000000 
9700.0000   0.00000000 
9710.0000   0.00000000 
9720.0000   0.00000000 
9730.0000   0.00000000 
9740.0000   0.00000000 
9750.0000   0.00000003 
9760.0000   0.00000001 
9770.0000   0.00000000 
9780.0000   0.00000000 
9790.0000   0.00000041 
9800.0000   0.00000011 
9810.0000   0.00000000 
9820.0000   0.00000000 
9830.0000   0.00000704 
9840.0000   0.00001262 
9850.0000   0.00000803 
9860.0000   0.00000026 
9870.0000   0.00000000 
9880.0000   0.00000000 
9890.0000   0.00000044 
9900.0000   0.00000001 
9910.0000   0.00000000 
9920.0000   0.00000000 
9930.0000   0.00000009 
9940.0000   0.00000000 
9950.0000   0.00000000 
9960.0000   0.00000001 
9970.0000   0.00000080 
9980.0000   0.00000000 
9990.0000   0.00000000 
10000.0000   0.00000034 
10010.0000   0.00001445 
10020.0000   0.00002299 
10030.0000   0.00001300 
10040.0000   0.00000000 
10050.0000   0.00000000 
10060.0000   0.00000017 
10070.0000   0.00000075 
10080.0000   0.00000000 
10090.0000   0.00000000 
10100.0000   0.00000002 
10110.0000   0.00000005 
10120.0000   0.00000000 
10130.0000   0.00000000 
10140.0000   0.00000000 
10150.0000   0.00000000 
10160.0000   0.00000000 
10170.0000   0.00000000 
10180.0000   0.00000000 
10190.0000   0.00000000 
10200.0000   0.00000000 
10210.0000   0.00000000 
10220.0000   0.00000000 
10230.0000   0.00000000 
10240.0000   0.00000000 
10250.0000   0.00000000 
10260.0000   0.00000000 
10270.0000   0.00000000 
10280.0000   0.00000000 
10290.0000   0.00000000 
10300.0000   0.00000000 
10310.0000   0.00000000 
10320.0000   0.00000000 
10330.0000   0.00000000 
10340.0000   0.00000000 
10350.0000   0.00000001 
10360.0000   0.00000000 
10370.0000   0.00000000 
10380.0000   0.00000004 
10390.0000   0.00000016 
10400.0000   0.00000000 
10410.0000   0.00000000 
10420.0000   0.00000062 
10430.0000   0.00000343 
10440.0000   0.00000419 
10450.0000   0.00000174 
10460.0000   0.00000000 
10470.0000   0.00000000 
10480.0000   0.00000011 
10490.0000   0.00000011 
10500.0000   0.00000000 
10510.0000   0.00000000 
10520.0000   0.00000001 
10530.0000   0.00000001 
10540.0000   0.00000000 
10550.0000   0.00000000 
10560.0000   0.00000000 
10570.0000   0.00000000 
10580.0000   0.00000001 
10590.0000   0.00000004 
10600.0000   0.00000000 
10610.0000   0.00000000 
10620.0000   0.00000021 
10630.0000   0.00000051 
10640.0000   0.00000000 
10650.0000   0.00000000 
10660.0000   0.00000332 
10670.0000   0.00001242 
10680.0000   0.00001306 
10690.0000   0.00000424 
10700.0000   0.00000000 
10710.0000   0.00000000 
10720.0000   0.00000194 
10730.0000   0.00000134 
10740.0000   0.00000000 
10750.0000   0.00000000 
10760.0000   0.00000573 
10770.0000   0.00001880 
10780.0000   0.00001865 
10790.0000   0.00000552 
10800.0000   0.00000000 
10810.0000   0.00000000 
10820.0000   0.00000059 
10830.0000   0.00000015 
10840.0000   0.00000029 
10850.0000   0.00000068 
10860.0000   0.00000000 
10870.0000   0.00000000 
10880.0000   0.00000768 
10890.0000   0.00002284 
10900.0000   0.00002276 
10910.0000   0.00000893 
10920.0000   0.00000000 
10930.0000   0.00000000 
10940.0000   0.00000041 
10950.0000   0.00000016 
10960.0000   0.00000000 
10970.0000   0.00000000 
10980.0000   0.00000004 
10990.0000   0.00000002 
11000.0000   0.00000000 
11010.0000   0.00000000 
11020.0000   0.00000008 
11030.0000   0.00000009 
11040.0000   0.00000000 
11050.0000   0.00000000 
11060.0000   0.00000115 
11070.0000   0.00000117 
11080.0000   0.00000000 
11090.0000   0.00000000 
11100.0000   0.00001847 
11110.0000   0.00004405 
11120.0000   0.00003558 
11130.0000   0.00000623 
11140.0000   0.00000000 
11150.0000   0.00000000 
11160.0000   0.00000296 
11170.0000   0.00000079 
11180.0000   0.00000000 
11190.0000   0.00000000 
11200.0000   0.00000413 
11210.0000   0.00000294 
11220.0000   0.00000000 
11230.0000   0.00000000 
11240.0000   0.00006535 
11250.0000   0.00013957 
11260.0000   0.00010384 
11270.0000   0.00001309 
11280.0000   0.00000000 
11290.0000   0.00000000 
11300.0000   0.00000537 
11310.0000   0.00000090 
11320.0000   0.00000000 
11330.0000   0.00000000 
11340.0000   0.00000277 
11350.0000   0.00000116 
11360.0000   0.00000000 
11370.0000   0.00000000 
11380.0000   0.00004071 
11390.0000   0.00007822 
11400.0000   0.00005265 
11410.0000   0.00000368 
11420.0000   0.00000000 
11430.0000   0.00000000 
11440.0000   0.00000000 
11450.0000   0.00000000 
11460.0000   0.00003866 
11470.0000   0.00007174 
11480.0000   0.00004640 
11490.0000   0.00000192 
11500.0000   0.00000000 
11510.0000   0.00000000 
11520.0000   0.00000000 
11530.0000   0.00000000 
11540.0000   0.00001835 
11550.0000   0.00003269 
11560.0000   0.00001988 
11570.0000   0.00000020 
11580.0000   0.00000000 
11590.0000   0.00000326 
11600.0000   0.00000309 
11610.0000   0.00000000 
11620.0000   0.00000000 
11630.0000   0.00000001 
11640.0000   0.00000019 
11650.0000   0.00000000 
11660.0000   0.00000000 
11670.0000   0.00000000 
11680.0000   0.00000001 
11690.0000   0.00000000 
11700.0000   0.00000000 
11710.0000   0.00000000 
11720.0000   0.00000000 
11730.0000   0.00000001 
11740.0000   0.00000013 
11750.0000   0.00000020 
11760.0000   0.00000011 
11770.0000   0.00000000 
11780.0000   0.00000000 
11790.0000   0.00000000 
11800.0000   0.00000001 
11810.0000   0.00000000 
11820.0000   0.00000000 
11830.0000   0.00000000 
11840.0000   0.00000000 
11850.0000   0.00000000 
11860.0000   0.00000000 
11870.0000   0.00000000 
11880.0000   0.00000000 
11890.0000   0.00000000 
11900.0000   0.00000000 
11910.0000   0.00000000 
11920.0000   0.00000000 
11930.0000   0.00000000 
11940.0000   0.00000000 
11950.0000   0.00000000 
11960.0000   0.00000000 
11970.0000   0.00000000 
11980.0000   0.00000001 
11990.0000   0.00000000 
12000.0000   0.00000000 
12010.0000   0.00000003 
12020.0000   0.00000011 
12030.0000   0.00000000 
12040.0000   0.00000000 
12050.0000   0.00000040 
12060.0000   0.00000230 
12070.0000   0.00000286 
12080.0000   0.00000121 
12090.0000   0.00000000 
12100.0000   0.00000000 
12110.0000   0.00000007 
12120.0000   0.00000008 
12130.0000   0.00000000 
12140.0000   0.00000000 
12150.0000   0.00000001 
12160.0000   0.00000002 
12170.0000   0.00000000 
12180.0000   0.00000000 
12190.0000   0.00000005 
12200.0000   0.00000014 
12210.0000   0.00000000 
12220.0000   0.00000000 
12230.0000   0.00000075 
12240.0000   0.00000197 
12250.0000   0.00000000 
12260.0000   0.00000000 
12270.0000   0.00001172 
12280.0000   0.00004673 
12290.0000   0.00005084 
12300.0000   0.00001767 
12310.0000   0.00000000 
12320.0000   0.00000000 
12330.0000   0.00000173 
12340.0000   0.00000112 
12350.0000   0.00000000 
12360.0000   0.00000000 
12370.0000   0.00000013 
12380.0000   0.00000008 
12390.0000   0.00000000 
12400.0000   0.00000000 
12410.0000   0.00000001 
12420.0000   0.00000001 
12430.0000   0.00000000 
12440.0000   0.00000000 
12450.0000   0.00000000 
12460.0000   0.00000000 
12470.0000   0.00000000 
12480.0000   0.00000000 
12490.0000   0.00000000 
12500.0000   0.00000000 
12510.0000   0.00000000 
12520.0000   0.00000000 
12530.0000   0.00000000 
12540.0000   0.00000000 
12550.0000   0.00000000 
12560.0000   0.00000000 
12570.0000   0.00000000 
12580.0000   0.00000000 
12590.0000   0.00000000 
12600.0000   0.00000000 
12610.0000   0.00000000 
12620.0000   0.00000000 
12630.0000   0.00000000 
12640.0000   0.00000000 
12650.0000   0.00000000 
12660.0000   0.00000000 
12670.0000   0.00000000 
12680.0000   0.00000000 
12690.0000   0.00000000 
12700.0000   0.00000000 
12710.0000   0.00000000 
12720.0000   0.00000000 
12730.0000   0.00000000 
12740.0000   0.00000000 
12750.0000   0.00000006 
12760.0000   0.00000006 
12770.0000   0.00000000 
12780.0000   0.00000000 
12790.0000   0.00000091 
12800.0000   0.00000079 
12810.0000   0.00000000 
12820.0000   0.00000000 
12830.0000   0.00001487 
12840.0000   0.00003345 
12850.0000   0.00002593 
12860.0000   0.00000390 
12870.0000   0.00000000 
12880.0000   0.00000000 
12890.0000   0.00000126 
12900.0000   0.00000025 
12910.0000   0.00000000 
12920.0000   0.00000000 
12930.0000   0.00000009 
12940.0000   0.00000002 
12950.0000   0.00000000 
12960.0000   0.00000000 
12970.0000   0.00000001 
12980.0000   0.00000000 
12990.0000   0.00000000 
13000.0000   0.00000000 
13010.0000   0.00000000 
13020.0000   0.00000000 
13030.0000   0.00000000 
13040.0000   0.00000000 
13050.0000   0.00000002 
13060.0000   0.00000001 
13070.0000   0.00000000 
13080.0000   0.00000000 
13090.0000   0.00000026 
13100.0000   0.00000008 
13110.0000   0.00000000 
13120.0000   0.00000000 
13130.0000   0.00000458 
13140.0000   0.00000828 
13150.0000   0.00000532 
13160.0000   0.00000020 
13170.0000   0.00000000 
13180.0000   0.00000000 
13190.0000   0.00000029 
13200.0000   0.00000001 
13210.0000   0.00000000 
13220.0000   0.00000000 
13230.0000   0.00000001 
13240.0000   0.00000000 
13250.0000   0.00000002 
13260.0000   0.00000000 
13270.0000   0.00000000 
13280.0000   0.00000001 
13290.0000   0.00000040 
13300.0000   0.00000000 
13310.0000   0.00000000 
13320.0000   0.00000019 
13330.0000   0.00000723 
13340.0000   0.00001123 
13350.0000   0.00000586 
13360.0000   0.00000000 
13370.0000   0.00000110 
13380.0000   0.00000473 
13390.0000   0.00000460 
13400.0000   0.00000000 
13410.0000   0.00000000 
13420.0000   0.00000221 
13430.0000   0.00003310 
13440.0000   0.00004892 
13450.0000   0.00002567 
13460.0000   0.00000000 
13470.0000   0.00000000 
13480.0000   0.00000062 
13490.0000   0.00000132 
13500.0000   0.00000000 
13510.0000   0.00000030 
13520.0000   0.00000000 
13530.0000   0.00000000 
13540.0000   0.00000152 
13550.0000   0.00001376 
13560.0000   0.00001900 
13570.0000   0.00000917 
13580.0000   0.00000000 
13590.0000   0.00000000 
13600.0000   0.00000036 
13610.0000   0.00000056 
13620.0000   0.00000000 
13630.0000   0.00000000 
13640.0000   0.00000004 
13650.0000   0.00000009 
13660.0000   0.00000000 
13670.0000   0.00000000 
13680.0000   0.00000018 
13690.0000   0.00000074 
13700.0000   0.00000000 
13710.0000   0.00000000 
13720.0000   0.00000275 
13730.0000   0.00001520 
13740.0000   0.00001738 
13750.0000   0.00000529 
13760.0000   0.00000076 
13770.0000   0.00001129 
13780.0000   0.00001621 
13790.0000   0.00000684 
13800.0000   0.00000000 
13810.0000   0.00000000 
13820.0000   0.00000048 
13830.0000   0.00000043 
13840.0000   0.00000000 
13850.0000   0.00000000 
13860.0000   0.00000004 
13870.0000   0.00000004 
13880.0000   0.00000000 
13890.0000   0.00000000 
13900.0000   0.00000006 
13910.0000   0.00000016 
13920.0000   0.00000000 
13930.0000   0.00000000 
13940.0000   0.00000097 
13950.0000   0.00000378 
13960.0000   0.00000408 
13970.0000   0.00000140 
13980.0000   0.00000000 
13990.0000   0.00000000 
14000.0000   0.00000014 
14010.0000   0.00000009 
14020.0000   0.00000000 
14030.0000   0.00000000 
14040.0000   0.00000001 
14050.0000   0.00000001 
14060.0000   0.00000000 
14070.0000   0.00000000 
14080.0000   0.00000002 
14090.0000   0.00000003 
14100.0000   0.00000000 
14110.0000   0.00000000 
14120.0000   0.00000022 
14130.0000   0.00000036 
14140.0000   0.00000000 
14150.0000   0.00000000 
14160.0000   0.00000338 
14170.0000   0.00001019 
14180.0000   0.00000960 
14190.0000   0.00000253 
14200.0000   0.00000000 
14210.0000   0.00000000 
14220.0000   0.00000004 
14230.0000   0.00000000 
14240.0000   0.00000125 
14250.0000   0.00000178 
14260.0000   0.00000000 
14270.0000   0.00000000 
14280.0000   0.00002158 
14290.0000   0.00005779 
14300.0000   0.00005056 
14310.0000   0.00001118 
14320.0000   0.00000000 
14330.0000   0.00000000 
14340.0000   0.00000412 
14350.0000   0.00000113 
14360.0000   0.00000000 
14370.0000   0.00000000 
14380.0000   0.00000025 
14390.0000   0.00000007 
14400.0000   0.00000000 
14410.0000   0.00000000 
14420.0000   0.00000002 
14430.0000   0.00000000 
14440.0000   0.00000000 
14450.0000   0.00000000 
14460.0000   0.00000000 
14470.0000   0.00000000 
14480.0000   0.00000000 
14490.0000   0.00000000 
14500.0000   0.00000000 
14510.0000   0.00000000 
14520.0000   0.00000000 
14530.0000   0.00000000 
14540.0000   0.00000000 
14550.0000   0.00000000 
14560.0000   0.00000004 
14570.0000   0.00000002 
14580.0000   0.00000000 
14590.0000   0.00000000 
14600.0000   0.00000055 
14610.0000   0.00000031 
14620.0000   0.00000000 
14630.0000   0.00000000 
14640.0000   0.00000919 
14650.0000   0.00001841 
14660.0000   0.00001298 
14670.0000   0.00000121 
14680.0000   0.00000000 
14690.0000   0.00000000 
14700.0000   0.00000068 
14710.0000   0.00000007 
14720.0000   0.00000000 
14730.0000   0.00000000 
14740.0000   0.00000010 
14750.0000   0.00000002 
14760.0000   0.00000000 
14770.0000   0.00000000 
14780.0000   0.00000071 
14790.0000   0.00000016 
14800.0000   0.00000000 
14810.0000   0.00000000 
14820.0000   0.00001235 
14830.0000   0.00002186 
14840.0000   0.00001379 
14850.0000   0.00000033 
14860.0000   0.00000000 
14870.0000   0.00000000 
14880.0000   0.00000149 
14890.0000   0.00000004 
14900.0000   0.00000000 
14910.0000   0.00000000 
14920.0000   0.00001326 
14930.0000   0.00002186 
14940.0000   0.00001287 
14950.0000   0.00000000 
14960.0000   0.00000000 
14970.0000   0.00000009 
14980.0000   0.00000095 
14990.0000   0.00000000 
15000.0000   0.00000000 
15010.0000   0.00000018 
15020.0000   0.00000423 
15030.0000   0.00000648 
15040.0000   0.00000356 
15050.0000   0.00000000 
15060.0000   0.00000000 
15070.0000   0.00000006 
15080.0000   0.00000021 
15090.0000   0.00000000 
15100.0000   0.00000000 
15110.0000   0.00000001 
15120.0000   0.00000001 
15130.0000   0.00000000 
15140.0000   0.00000000 
15150.0000   0.00000000 
15160.0000   0.00000000 
15170.0000   0.00000000 
15180.0000   0.00000000 
15190.0000   0.00000000 
15200.0000   0.00000000 
15210.0000   0.00000000 
15220.0000   0.00000001 
15230.0000   0.00000000 
15240.0000   0.00000000 
15250.0000   0.00000003 
15260.0000   0.00000016 
15270.0000   0.00000000 
15280.0000   0.00000000 
15290.0000   0.00000048 
15300.0000   0.00000325 
15310.0000   0.00000392 
15320.0000   0.00000129 
15330.0000   0.00000013 
15340.0000   0.00000155 
15350.0000   0.00000000 
15360.0000   0.00000000 
15370.0000   0.00000727 
15380.0000   0.00004170 
15390.0000   0.00005168 
15400.0000   0.00002178 
15410.0000   0.00000000 
15420.0000   0.00000000 
15430.0000   0.00000136 
15440.0000   0.00000134 
15450.0000   0.00000000 
15460.0000   0.00000000 
15470.0000   0.00000007 
15480.0000   0.00000000 
15490.0000   0.00000009 
15500.0000   0.00000033 
15510.0000   0.00000000 
15520.0000   0.00000000 
15530.0000   0.00000191 
15540.0000   0.00000823 
15550.0000   0.00000924 
15560.0000   0.00000338 
15570.0000   0.00000000 
15580.0000   0.00000000 
15590.0000   0.00000030 
15600.0000   0.00000021 
15610.0000   0.00000000 
15620.0000   0.00000000 
15630.0000   0.00000002 
15640.0000   0.00000001 
15650.0000   0.00000000 
15660.0000   0.00000000 
15670.0000   0.00000000 
15680.0000   0.00000000 
15690.0000   0.00000000 
15700.0000   0.00000000 
15710.0000   0.00000000 
15720.0000   0.00000001 
15730.0000   0.00000000 
15740.0000   0.00000000 
15750.0000   0.00000004 
15760.0000   0.00000007 
15770.0000   0.00000000 
15780.0000   0.00000000 
15790.0000   0.00000056 
15800.0000   0.00000092 
15810.0000   0.00000000 
15820.0000   0.00000000 
15830.0000   0.00000877 
15840.0000   0.00002609 
15850.0000   0.00002447 
15860.0000   0.00000642 
15870.0000   0.00000000 
15880.0000   0.00000000 
15890.0000   0.00000101 
15900.0000   0.00000041 
15910.0000   0.00000000 
15920.0000   0.00000000 
15930.0000   0.00000007 
15940.0000   0.00000003 
15950.0000   0.00000000 
15960.0000   0.00000000 
15970.0000   0.00000001 
15980.0000   0.00000000 
15990.0000   0.00000000 
16000.0000   0.00000000 
16010.0000   0.00000000 
16020.0000   0.00000000 
16030.0000   0.00000000 
16040.0000   0.00000000 
16050.0000   0.00000000 
16060.0000   0.00000000 
16070.0000   0.00000000 
16080.0000   0.00000000 
16090.0000   0.00000000 
16100.0000   0.00000000 
16110.0000   0.00000004 
16120.0000   0.00000003 
16130.0000   0.00000000 
16140.0000   0.00000000 
16150.0000   0.00000057 
16160.0000   0.00000044 
16170.0000   0.00000000 
16180.0000   0.00000000 
16190.0000   0.00000938 
16200.0000   0.00002032 
16210.0000   0.00001521 
16220.0000   0.00000199 
16230.0000   0.00000000 
16240.0000   0.00000000 
16250.0000   0.00000000 
16260.0000   0.00000000 
16270.0000   0.00000511 
16280.0000   0.00001082 
16290.0000   0.00000784 
16300.0000   0.00000082 
16310.0000   0.00000000 
16320.0000   0.00000000 
16330.0000   0.00000052 
16340.0000   0.00000010 
16350.0000   0.00000000 
16360.0000   0.00000000 
16370.0000   0.00000167 
16380.0000   0.00000058 
16390.0000   0.00000000 
16400.0000   0.00000000 
16410.0000   0.00002822 
16420.0000   0.00005289 
16430.0000   0.00003645 
16440.0000   0.00000214 
16450.0000   0.00000000 
16460.0000   0.00000000 
16470.0000   0.00003093 
16480.0000   0.00005169 
16490.0000   0.00003208 
16500.0000   0.00000085 
16510.0000   0.00000000 
16520.0000   0.00000000 
16530.0000   0.00000175 
16540.0000   0.00000002 
16550.0000   0.00000000 
16560.0000   0.00000000 
16570.0000   0.00000012 
16580.0000   0.00000000 
16590.0000   0.00000000 
16600.0000   0.00000000 
16610.0000   0.00000001 
16620.0000   0.00000000 
16630.0000   0.00000001 
16640.0000   0.00000000 
16650.0000   0.00000000 
16660.0000   0.00000001 
16670.0000   0.00000012 
16680.0000   0.00000000 
16690.0000   0.00000000 
16700.0000   0.00000012 
16710.0000   0.00000167 
16720.0000   0.00000000 
16730.0000   0.00000000 
16740.0000   0.00000214 
16750.0000   0.00003155 
16760.0000   0.00004736 
16770.0000   0.00002654 
16780.0000   0.00000048 
16790.0000   0.00000000 
16800.0000   0.00000050 
16810.0000   0.00000115 
16820.0000   0.00000000 
16830.0000   0.00000000 
16840.0000   0.00000004 
16850.0000   0.00000008 
16860.0000   0.00000000 
16870.0000   0.00000000 
16880.0000   0.00000000 
16890.0000   0.00000001 
16900.0000   0.00000000 
16910.0000   0.00000000 
16920.0000   0.00000000 
16930.0000   0.00000000 
16940.0000   0.00000000 
16950.0000   0.00000000 
16960.0000   0.00000000 
16970.0000   0.00000000 
16980.0000   0.00000000 
16990.0000   0.00000000 
17000.0000   0.00000000 
17010.0000   0.00000000 
17020.0000   0.00000000 
17030.0000   0.00000000 
17040.0000   0.00000000 
17050.0000   0.00000000 
17060.0000   0.00000000 
17070.0000   0.00000000 
17080.0000   0.00000000 
17090.0000   0.00000000 
17100.0000   0.00000000 
17110.0000   0.00000000 
17120.0000   0.00000000 
17130.0000   0.00000000 
17140.0000   0.00000000 
17150.0000   0.00000000 
17160.0000   0.00000000 
17170.0000   0.00000000 
17180.0000   0.00000000 
17190.0000   0.00000000 
17200.0000   0.00000000 
17210.0000   0.00000000 
17220.0000   0.00000000 
17230.0000   0.00000000 
17240.0000   0.00000000 
17250.0000   0.00000000 
17260.0000   0.00000000 
17270.0000   0.00000000 
17280.0000   0.00000000 
17290.0000   0.00000000 
17300.0000   0.00000000 
17310.0000   0.00000000 
17320.0000   0.00000002 
17330.0000   0.00000005 
17340.0000   0.00000000 
17350.0000   0.00000000 
17360.0000   0.00000036 
17370.0000   0.00000069 
17380.0000   0.00000000 
17390.0000   0.00000000 
17400.0000   0.00000559 
17410.0000   0.00001858 
17420.0000   0.00001957 
17430.0000   0.00000691 
17440.0000   0.00000000 
17450.0000   0.00000000 
17460.0000   0.00001374 
17470.0000   0.00004015 
17480.0000   0.00003773 
17490.0000   0.00001021 
17500.0000   0.00000000 
17510.0000   0.00000000 
17520.0000   0.00000153 
17530.0000   0.00000066 
17540.0000   0.00000000 
17550.0000   0.00000000 
17560.0000   0.00000011 
17570.0000   0.00000004 
17580.0000   0.00000000 
17590.0000   0.00000000 
17600.0000   0.00000001 
17610.0000   0.00000000 
17620.0000   0.00000000 
17630.0000   0.00000000 
17640.0000   0.00000000 
17650.0000   0.00000000 
17660.0000   0.00000000 
17670.0000   0.00000000 
17680.0000   0.00000001 
17690.0000   0.00000001 
17700.0000   0.00000000 
17710.0000   0.00000000 
17720.0000   0.00000011 
17730.0000   0.00000010 
17740.0000   0.00000000 
17750.0000   0.00000000 
17760.0000   0.00000158 
17770.0000   0.00000137 
17780.0000   0.00000000 
17790.0000   0.00000000 
17800.0000   0.00002578 
17810.0000   0.00005750 
17820.0000   0.00004316 
17830.0000   0.00000578 
17840.0000   0.00000000 
17850.0000   0.00000984 
17860.0000   0.00001084 
17870.0000   0.00000159 
17880.0000   0.00000000 
17890.0000   0.00000000 
17900.0000   0.00000034 
17910.0000   0.00000000 
17920.0000   0.00000076 
17930.0000   0.00000048 
17940.0000   0.00000000 
17950.0000   0.00000000 
17960.0000   0.00001556 
17970.0000   0.00003222 
17980.0000   0.00002629 
17990.0000   0.00000856 
18000.0000   0.00000000 
18010.0000   0.00000000 
18020.0000   0.00000310 
18030.0000   0.00000601 
18040.0000   0.00000599 
18050.0000   0.00000392 
18060.0000   0.00000163 
18070.0000   0.00000008 
18080.0000   0.00000000 
18090.0000   0.00000000 
18100.0000   0.00000007 
18110.0000   0.00000000 
18120.0000   0.00000000 
18130.0000   0.00000000 
18140.0000   0.00000000 
18150.0000   0.00000000 
18160.0000   0.00000000 
18170.0000   0.00000000 
18180.0000   0.00000000 
18190.0000   0.00000000 
18200.0000   0.00000004 
18210.0000   0.00000000 
18220.0000   0.00000000 
18230.0000   0.00000000 
18240.0000   0.00000060 
18250.0000   0.00000000 
18260.0000   0.00000000 
18270.0000   0.00000020 
18280.0000   0.00001090 
18290.0000   0.00001749 
18300.0000   0.00000998 
18310.0000   0.00000000 
18320.0000   0.00000000 
18330.0000   0.00000011 
18340.0000   0.00000057 
18350.0000   0.00000000 
18360.0000   0.00000000 
18370.0000   0.00000001 
18380.0000   0.00000004 
18390.0000   0.00000000 
18400.0000   0.00000000 
18410.0000   0.00000000 
18420.0000   0.00000000 
18430.0000   0.00000000 
18440.0000   0.00000000 
18450.0000   0.00000000 
18460.0000   0.00000000 
18470.0000   0.00000000 
18480.0000   0.00000000 
18490.0000   0.00000000 
18500.0000   0.00000002 
18510.0000   0.00000000 
18520.0000   0.00000000 
18530.0000   0.00000005 
18540.0000   0.00000033 
18550.0000   0.00000000 
18560.0000   0.00000000 
18570.0000   0.00000089 
18580.0000   0.00000764 
18590.0000   0.00001490 
18600.0000   0.00001839 
18610.0000   0.00001515 
18620.0000   0.00000596 
18630.0000   0.00000000 
18640.0000   0.00000000 
18650.0000   0.00000036 
18660.0000   0.00000087 
18670.0000   0.00000098 
18680.0000   0.00000129 
18690.0000   0.00000120 
18700.0000   0.00000048 
18710.0000   0.00000000 
18720.0000   0.00000000 
18730.0000   0.00000008 
18740.0000   0.00000022 
18750.0000   0.00000000 
18760.0000   0.00000000 
18770.0000   0.00000083 
18780.0000   0.00000261 
18790.0000   0.00000000 
18800.0000   0.00000000 
18810.0000   0.00001294 
18820.0000   0.00006030 
18830.0000   0.00007587 
18840.0000   0.00004444 
18850.0000   0.00001515 
18860.0000   0.00000962 
18870.0000   0.00000489 
18880.0000   0.00000000 
18890.0000   0.00000875 
18900.0000   0.00004156 
18910.0000   0.00006187 
18920.0000   0.00006440 
18930.0000   0.00008077 
18940.0000   0.00011092 
18950.0000   0.00011458 
18960.0000   0.00009042 
18970.0000   0.00008501 
18980.0000   0.00011315 
18990.0000   0.00015046 
19000.0000   0.00018138 
19010.0000   0.00020288 
19020.0000   0.00022022 
19030.0000   0.00024674 
19040.0000   0.00029027 
19050.0000   0.00035196 
19060.0000   0.00042045 
19070.0000   0.00047364 
19080.0000   0.00052468 
19090.0000   0.00061894 
19100.0000   0.00074354 
19110.0000   0.00083289 
19120.0000   0.00089829 
19130.0000   0.00101975 
19140.0000   0.00120250 
19150.0000   0.00138553 
19160.0000   0.00155568 
19170.0000   0.00174188 
19180.0000   0.00195163 
19190.0000   0.00217383 
19200.0000   0.00240542 
19210.0000   0.00264988 
19220.0000   0.00290378 
19230.0000   0.00315867 
19240.0000   0.00341454 
19250.0000   0.00367759 
19260.0000   0.00394980 
19270.0000   0.00422946 
19280.0000   0.00450806 
19290.0000   0.00477387 
19300.0000   0.00503444 
19310.0000   0.00530971 
19320.0000   0.00560673 
19330.0000   0.00592315 
19340.0000   0.00624950 
19350.0000   0.00657431 
19360.0000   0.00691444 
19370.0000   0.00730013 
19380.0000   0.00771319 
19390.0000   0.00811262 
19400.0000   0.00852777 
19410.0000   0.00902273 
19420.0000   0.00959247 
19430.0000   0.01019858 
19440.0000   0.01086292 
19450.0000   0.01163343 
19460.0000   0.01249015 
19470.0000   0.01338506 
19480.0000   0.01434381 
19490.0000   0.01542479 
19500.0000   0.01663957 
19510.0000   0.01798494 
19520.0000   0.01952923 
19530.0000   0.02136122 
19540.0000   0.02345859 
19550.0000   0.02575713 
19560.0000   0.02826935 
19570.0000   0.03104918 
19580.0000   0.03419723 
19590.0000   0.03782326 
19600.0000   0.04195893 
19610.0000   0.04661106 
19620.0000   0.05184121 
19630.0000   0.05774360 
19640.0000   0.06447732 
19650.0000   0.07220012 
19660.0000   0.08090213 
19670.0000   0.09057079 
19680.0000   0.10155968 
19690.0000   0.11425526 
19700.0000   0.12845460 
19710.0000   0.14383183 
19720.0000   0.16054472 
19730.0000   0.17886060 
19740.0000   0.19874240 
19750.0000   0.21999256 
19760.0000   0.24210915 
19770.0000   0.26455480 
19780.0000   0.28710157 
19790.0000   0.30958492 
19800.0000   0.33168393 
19810.0000   0.35310769 
19820.0000   0.37391979 
19830.0000   0.39406762 
19840.0000   0.41252452 
19850.0000   0.42837629 
19860.0000   0.44235680 
19870.0000   0.45538971 
19880.0000   0.46734878 
19890.0000   0.47797784 
19900.0000   0.48758835 
19910.0000   0.49655491 
19920.0000   0.50494665 
19930.0000   0.51279002 
19940.0000   0.52022725 
19950.0000   0.52744752 
19960.0000   0.53471327 
19970.0000   0.54217565 
19980.0000   0.54954439 
19990.0000   0.55658948 
20000.0000   0.56360197 
20010.0000   0.57087970 
20020.0000   0.57839102 
20030.0000   0.58597928 
20040.0000   0.59330493 
20050.0000   0.60017592 
20060.0000   0.60695052 
20070.0000   0.61386859 
20080.0000   0.62052828 
20090.0000   0.62660104 
20100.0000   0.63229007 
20110.0000   0.63775045 
20120.0000   0.64275742 
20130.0000   0.64711732 
20140.0000   0.65088493 
20150.0000   0.65416789 
20160.0000   0.65710634 
20170.0000   0.65971303 
20180.0000   0.66167647 
20190.0000   0.66287148 
20200.0000   0.66372609 
20210.0000   0.66455001 
20220.0000   0.66519910 
20230.0000   0.66550726 
20240.0000   0.66539907 
20250.0000   0.66492915 
20260.0000   0.66440427 
20270.0000   0.66398776 
20280.0000   0.66348135 
20290.0000   0.66282654 
20300.0000   0.66233003 
20310.0000   0.66211134 
20320.0000   0.66184539 
20330.0000   0.66138840 
20340.0000   0.66102952 
20350.0000   0.66096830 
20360.0000   0.66115659 
20370.0000   0.66152537 
20380.0000   0.66201502 
20390.0000   0.66259331 
20400.0000   0.66327232 
20410.0000   0.66409492 
20420.0000   0.66514456 
20430.0000   0.66640258 
20440.0000   0.66768295 
20450.0000   0.66892380 
20460.0000   0.67027473 
20470.0000   0.67177153 
20480.0000   0.67325473 
20490.0000   0.67465955 
20500.0000   0.67607927 
20510.0000   0.67758811 
20520.0000   0.67921287 
20530.0000   0.68086183 
20540.0000   0.68229157 
20550.0000   0.68347853 
20560.0000   0.68469596 
20570.0000   0.68600929 
20580.0000   0.68719709 
20590.0000   0.68813986 
20600.0000   0.68886971 
20610.0000   0.68950671 
20620.0000   0.69025630 
20630.0000   0.69106174 
20640.0000   0.69156706 
20650.0000   0.69171023 
20660.0000   0.69177276 
20670.0000   0.69191879 
20680.0000   0.69215971 
20690.0000   0.69238609 
20700.0000   0.69237822 
20710.0000   0.69215143 
20720.0000   0.69195664 
20730.0000   0.69184440 
20740.0000   0.69166350 
20750.0000   0.69141257 
20760.0000   0.69123542 
20770.0000   0.69112235 
20780.0000   0.69092393 
20790.0000   0.69064832 
20800.0000   0.69044667 
20810.0000   0.69039804 
20820.0000   0.69050676 
20830.0000   0.69065917 
20840.0000   0.69066066 
20850.0000   0.69059610 
20860.0000   0.69076300 
20870.0000   0.69116235 
20880.0000   0.69156480 
20890.0000   0.69189870 
20900.0000   0.69222170 
20910.0000   0.69263381 
20920.0000   0.69325012 
20930.0000   0.69399816 
20940.0000   0.69468427 
20950.0000   0.69530606 
20960.0000   0.69599098 
20970.0000   0.69679189 
20980.0000   0.69770026 
20990.0000   0.69860244 
21000.0000   0.69933856 
21010.0000   0.70000404 
21020.0000   0.70083183 
21030.0000   0.70177424 
21040.0000   0.70262742 
21050.0000   0.70337301 
21060.0000   0.70409703 
21070.0000   0.70480257 
21080.0000   0.70544899 
21090.0000   0.70603949 
21100.0000   0.70660210 
21110.0000   0.70715731 
21120.0000   0.70771194 
21130.0000   0.70818144 
21140.0000   0.70845866 
21150.0000   0.70864344 
21160.0000   0.70891553 
21170.0000   0.70924246 
21180.0000   0.70949340 
21190.0000   0.70958197 
21200.0000   0.70946729 
21210.0000   0.70928782 
21220.0000   0.70922804 
21230.0000   0.70920646 
21240.0000   0.70904642 
21250.0000   0.70873207 
21260.0000   0.70832247 
21270.0000   0.70791316 
21280.0000   0.70759153 
21290.0000   0.70729101 
21300.0000   0.70691037 
21310.0000   0.70651519 
21320.0000   0.70620024 
21330.0000   0.70584893 
21340.0000   0.70531440 
21350.0000   0.70473891 
21360.0000   0.70431656 
21370.0000   0.70394880 
21380.0000   0.70347959 
21390.0000   0.70299673 
21400.0000   0.70263433 
21410.0000   0.70234102 
21420.0000   0.70202565 
21430.0000   0.70170462 
21440.0000   0.70141935 
21450.0000   0.70117295 
21460.0000   0.70096183 
21470.0000   0.70080698 
21480.0000   0.70072287 
21490.0000   0.70066261 
21500.0000   0.70059401 
21510.0000   0.70062369 
21520.0000   0.70083261 
21530.0000   0.70103705 
21540.0000   0.70107210 
21550.0000   0.70113015 
21560.0000   0.70141244 
21570.0000   0.70180202 
21580.0000   0.70213789 
21590.0000   0.70238584 
21600.0000   0.70258695 
21610.0000   0.70294577 
21620.0000   0.70359224 
21630.0000   0.70426261 
21640.0000   0.70473921 
21650.0000   0.70525366 
21660.0000   0.70598298 
21670.0000   0.70661926 
21680.0000   0.70694244 
21690.0000   0.70732009 
21700.0000   0.70805603 
21710.0000   0.70890689 
21720.0000   0.70961642 
21730.0000   0.71019453 
21740.0000   0.71070945 
21750.0000   0.71125716 
21760.0000   0.71187097 
21770.0000   0.71239954 
21780.0000   0.71276957 
21790.0000   0.71319681 
21800.0000   0.71379995 
21810.0000   0.71432859 
21820.0000   0.71460807 
21830.0000   0.71479446 
21840.0000   0.71505171 
21850.0000   0.71544188 
21860.0000   0.71593505 
21870.0000   0.71632391 
21880.0000   0.71648866 
21890.0000   0.71656018 
21900.0000   0.71668679 
21910.0000   0.71698153 
21920.0000   0.71741730 
21930.0000   0.71768653 
21940.0000   0.71770990 
21950.0000   0.71793723 
21960.0000   0.71851408 
21970.0000   0.71886885 
21980.0000   0.71878362 
21990.0000   0.71886164 
22000.0000   0.71938920 
22010.0000   0.71990848 
22020.0000   0.72014272 
22030.0000   0.72027624 
22040.0000   0.72046369 
22050.0000   0.72072852 
22060.0000   0.72105008 
22070.0000   0.72135621 
22080.0000   0.72160995 
22090.0000   0.72183937 
22100.0000   0.72206497 
22110.0000   0.72228616 
22120.0000   0.72246575 
22130.0000   0.72251678 
22140.0000   0.72249293 
22150.0000   0.72265416 
22160.0000   0.72302467 
22170.0000   0.72327673 
22180.0000   0.72331500 
22190.0000   0.72339362 
22200.0000   0.72363073 
22210.0000   0.72392845 
22220.0000   0.72416806 
22230.0000   0.72422898 
22240.0000   0.72420400 
22250.0000   0.72443980 
22260.0000   0.72490191 
22270.0000   0.72509116 
22280.0000   0.72496641 
22290.0000   0.72504115 
22300.0000   0.72543836 
22310.0000   0.72581130 
22320.0000   0.72602099 
22330.0000   0.72618246 
22340.0000   0.72635686 
22350.0000   0.72653544 
22360.0000   0.72674471 
22370.0000   0.72704661 
22380.0000   0.72738749 
22390.0000   0.72760361 
22400.0000   0.72768611 
22410.0000   0.72777575 
22420.0000   0.72792548 
22430.0000   0.72809964 
22440.0000   0.72827512 
22450.0000   0.72844291 
22460.0000   0.72859836 
22470.0000   0.72873795 
22480.0000   0.72883248 
22490.0000   0.72883689 
22500.0000   0.72881883 
22510.0000   0.72892618 
22520.0000   0.72909689 
22530.0000   0.72911382 
22540.0000   0.72898591 
22550.0000   0.72888887 
22560.0000   0.72882897 
22570.0000   0.72869104 
22580.0000   0.72849691 
22590.0000   0.72836387 
22600.0000   0.72831082 
22610.0000   0.72828203 
22620.0000   0.72817117 
22630.0000   0.72785562 
22640.0000   0.72742724 
22650.0000   0.72709906 
22660.0000   0.72683978 
22670.0000   0.72647142 
22680.0000   0.72594810 
22690.0000   0.72530848 
22700.0000   0.72459638 
22710.0000   0.72385353 
22720.0000   0.72307372 
22730.0000   0.72221375 
22740.0000   0.72114080 
22750.0000   0.71970397 
22760.0000   0.71805161 
22770.0000   0.71643257 
22780.0000   0.71452421 
22790.0000   0.71179372 
22800.0000   0.70851439 
22810.0000   0.70526803 
22820.0000   0.70176768 
22830.0000   0.69738084 
22840.0000   0.69216806 
22850.0000   0.68646312 
22860.0000   0.68013918 
22870.0000   0.67289424 
22880.0000   0.66470981 
22890.0000   0.65567648 
22900.0000   0.64574730 
22910.0000   0.63484126 
22920.0000   0.62305540 
22930.0000   0.61049056 
22940.0000   0.59678346 
22950.0000   0.58149219 
22960.0000   0.56487298 
22970.0000   0.54742324 
22980.0000   0.52944493 
22990.0000   0.51113242 
23000.0000   0.49248445 
23010.0000   0.47343352 
23020.0000   0.45394257 
23030.0000   0.43404564 
23040.0000   0.41410950 
23050.0000   0.39450917 
23060.0000   0.37506583 
23070.0000   0.35552233 
23080.0000   0.33614922 
23090.0000   0.31730166 
23100.0000   0.29892659 
23110.0000   0.28093231 
23120.0000   0.26363608 
23130.0000   0.24738310 
23140.0000   0.23209205 
23150.0000   0.21756613 
23160.0000   0.20363523 
23170.0000   0.19021975 
23180.0000   0.17759371 
23190.0000   0.16601172 
23200.0000   0.15526445 
23210.0000   0.14510384 
23220.0000   0.13559879 
23230.0000   0.12684949 
23240.0000   0.11877639 
23250.0000   0.11124954 
23260.0000   0.10411091 
23270.0000   0.09726427 
23280.0000   0.09085505 
23290.0000   0.08500883 
23300.0000   0.07959902 
23310.0000   0.07448240 
23320.0000   0.06963894 
23330.0000   0.06509376 
23340.0000   0.06093505 
23350.0000   0.05719388 
23360.0000   0.05368702 
23370.0000   0.05026696 
23380.0000   0.04701444 
23390.0000   0.04402775 
23400.0000   0.04133410 
23410.0000   0.03892073 
23420.0000   0.03669903 
23430.0000   0.03458947 
23440.0000   0.03257182 
23450.0000   0.03064882 
23460.0000   0.02885709 
23470.0000   0.02721558 
23480.0000   0.02568554 
23490.0000   0.02423746 
23500.0000   0.02288548 
23510.0000   0.02164309 
23520.0000   0.02050698 
23530.0000   0.01945890 
23540.0000   0.01845234 
23550.0000   0.01746472 
23560.0000   0.01653398 
23570.0000   0.01568565 
23580.0000   0.01490226 
23590.0000   0.01416088 
23600.0000   0.01343879 
23610.0000   0.01273596 
23620.0000   0.01209686 
23630.0000   0.01153818 
23640.0000   0.01101378 
23650.0000   0.01049258 
23660.0000   0.00998447 
23670.0000   0.00949990 
23680.0000   0.00904237 
23690.0000   0.00861230 
23700.0000   0.00820618 
23710.0000   0.00782245 
23720.0000   0.00746356 
23730.0000   0.00712672 
23740.0000   0.00680034 
23750.0000   0.00648663 
23760.0000   0.00621035 
23770.0000   0.00596934 
23780.0000   0.00571805 
23790.0000   0.00544160 
23800.0000   0.00517553 
23810.0000   0.00494228 
23820.0000   0.00473959 
23830.0000   0.00455651 
23840.0000   0.00437288 
23850.0000   0.00417922 
23860.0000   0.00398130 
23870.0000   0.00378770 
23880.0000   0.00360936 
23890.0000   0.00345961 
23900.0000   0.00335364 
23910.0000   0.00327177 
23920.0000   0.00315334 
23930.0000   0.00298979 
23940.0000   0.00283612 
23950.0000   0.00271825 
23960.0000   0.00262410 
23970.0000   0.00252855 
23980.0000   0.00239616 
23990.0000   0.00224117 
24000.0000   0.00212954 
24010.0000   0.00207085 
24020.0000   0.00201462 
24030.0000   0.00194218 
24040.0000   0.00186897 
24050.0000   0.00179401 
24060.0000   0.00170018 
24070.0000   0.00159996 
24080.0000   0.00153259 
24090.0000   0.00149731 
24100.0000   0.00145693 
24110.0000   0.00139660 
24120.0000   0.00132257 
24130.0000   0.00123990 
24140.0000   0.00115361 
24150.0000   0.00109620 
24160.0000   0.00111699 
24170.0000   0.00116663 
24180.0000   0.00112450 
24190.0000   0.00100989 
24200.0000   0.00094555 
24210.0000   0.00093664 
24220.0000   0.00090205 
24230.0000   0.00083423 
24240.0000   0.00077889 
24250.0000   0.00074766 
24260.0000   0.00072714 
24270.0000   0.00070684 
24280.0000   0.00067936 
24290.0000   0.00064652 
24300.0000   0.00061580 
24310.0000   0.00058886 
24320.0000   0.00056393 
24330.0000   0.00054289 
24340.0000   0.00052902 
24350.0000   0.00051547 
24360.0000   0.00049112 
24370.0000   0.00046445 
24380.0000   0.00045303 
24390.0000   0.00044934 
24400.0000   0.00043365 
24410.0000   0.00040618 
24420.0000   0.00037703 
24430.0000   0.00034488 
24440.0000   0.00030504 
24450.0000   0.00027734 
24460.0000   0.00028819 
24470.0000   0.00031261 
24480.0000   0.00030645 
24490.0000   0.00027790 
24500.0000   0.00025719 
24510.0000   0.00024880 
24520.0000   0.00024519 
24530.0000   0.00023948 
24540.0000   0.00022755 
24550.0000   0.00022298 
24560.0000   0.00024060 
24570.0000   0.00025029 
24580.0000   0.00021358 
24590.0000   0.00016252 
24600.0000   0.00014635 
24610.0000   0.00013942 
24620.0000   0.00010149 
24630.0000   0.00008495 
24640.0000   0.00015511 
24650.0000   0.00024420 
24660.0000   0.00025555 
24670.0000   0.00020778 
24680.0000   0.00015461 
24690.0000   0.00011711 
24700.0000   0.00010233 
24710.0000   0.00010259 
24720.0000   0.00010594 
24730.0000   0.00010344 
24740.0000   0.00008980 
24750.0000   0.00007308 
24760.0000   0.00006452 
24770.0000   0.00007083 
24780.0000   0.00009312 
24790.0000   0.00011284 
24800.0000   0.00011150 
24810.0000   0.00009606 
24820.0000   0.00007820 
24830.0000   0.00005947 
24840.0000   0.00004210 
24850.0000   0.00004235 
24860.0000   0.00006857 
24870.0000   0.00008338 
24880.0000   0.00005666 
24890.0000   0.00003002 
24900.0000   0.00004512 
24910.0000   0.00007997 
24920.0000   0.00010115 
24930.0000   0.00008725 
24940.0000   0.00003566 
24950.0000   0.00000000 
24960.0000   0.00001793 
24970.0000   0.00004495 
24980.0000   0.00003669 
24990.0000   0.00001415 
25000.0000   0.00000433 
25010.0000   0.00001264 
25020.0000   0.00003513 
25030.0000   0.00005236 
25040.0000   0.00005017 
25050.0000   0.00003795 
25060.0000   0.00002711 
25070.0000   0.00002280 
25080.0000   0.00002669 
25090.0000   0.00003386 
25100.0000   0.00003768 
25110.0000   0.00002986 
25120.0000   0.00001027 
25130.0000   0.00000000 
25140.0000   0.00001176 
25150.0000   0.00003124 
25160.0000   0.00004317 
25170.0000   0.00004069 
25180.0000   0.00002543 
25190.0000   0.00001563 
25200.0000   0.00001993 
25210.0000   0.00002091 
25220.0000   0.00000900 
25230.0000   0.00000000 
25240.0000   0.00000000 
25250.0000   0.00000000 
25260.0000   0.00000000 
25270.0000   0.00000476 
25280.0000   0.00001973 
25290.0000   0.00002074 
25300.0000   0.00000379 
25310.0000   0.00000375 
25320.0000   0.00002998 
25330.0000   0.00003852 
25340.0000   0.00001387 
25350.0000   0.00000000 
25360.0000   0.00001369 
25370.0000   0.00002242 
25380.0000   0.00000975 
25390.0000   0.00000000 
25400.0000   0.00000000 
25410.0000   0.00000069 
25420.0000   0.00000067 
25430.0000   0.00000000 
25440.0000   0.00000000 
25450.0000   0.00000036 
25460.0000   0.00000140 
25470.0000   0.00000150 
25480.0000   0.00000052 
25490.0000   0.00000000 
25500.0000   0.00000002 
25510.0000   0.00000000 
25520.0000   0.00000000 
25530.0000   0.00000089 
25540.0000   0.00000374 
25550.0000   0.00000477 
25560.0000   0.00000248 
25570.0000   0.00000000 
25580.0000   0.00000000 
25590.0000   0.00000674 
25600.0000   0.00002414 
25610.0000   0.00002512 
25620.0000   0.00000819 
25630.0000   0.00000000 
25640.0000   0.00000000 
25650.0000   0.00000132 
25660.0000   0.00000130 
25670.0000   0.00000000 
25680.0000   0.00000000 
25690.0000   0.00000651 
25700.0000   0.00002093 
25710.0000   0.00002056 
25720.0000   0.00000599 
25730.0000   0.00000000 
25740.0000   0.00000000 
25750.0000   0.00000119 
25760.0000   0.00000100 
25770.0000   0.00000000 
25780.0000   0.00000000 
25790.0000   0.00000622 
25800.0000   0.00001791 
25810.0000   0.00001639 
25820.0000   0.00000405 
25830.0000   0.00000000 
25840.0000   0.00000000 
25850.0000   0.00000000 
25860.0000   0.00000000 
25870.0000   0.00000646 
25880.0000   0.00001775 
25890.0000   0.00001540 
25900.0000   0.00000323 
25910.0000   0.00000000 
25920.0000   0.00000036 
25930.0000   0.00000000 
25940.0000   0.00000000 
25950.0000   0.00001700 
25960.0000   0.00004305 
25970.0000   0.00003628 
25980.0000   0.00000722 
25990.0000   0.00000000 
26000.0000   0.00000000 
