wavelength continuum H1_lines metal_lines_Z1 metal_lines_Z2 metal_lines_Z3
91.0 8.10811e-38 0.0 0.0 0.0 0.0
94.0 8.10811e-38 0.0 0.0 0.0 0.0
96.0 8.10811e-38 0.0 0.0 0.0 0.0
98.0 8.10811e-38 0.0 0.0 0.0 0.0
100.0 8.10811e-38 0.0 0.0 0.0 0.0
102.0 8.10811e-38 0.0 0.0 0.0 0.0
104.0 8.10811e-38 0.0 0.0 0.0 0.0
106.0 8.10811e-38 0.0 0.0 0.0 0.0
108.0 8.10811e-38 0.0 0.0 0.0 0.0
110.0 8.10811e-38 0.0 0.0 0.0 0.0
114.0 8.10811e-38 0.0 0.0 0.0 0.0
118.0 8.10811e-38 0.0 0.0 0.0 0.0
121.0 8.10811e-38 0.0 0.0 0.0 0.0
125.0 8.10811e-38 0.0 0.0 0.0 0.0
127.0 8.10811e-38 0.0 0.0 0.0 0.0
128.0 8.10811e-38 0.0 0.0 0.0 0.0
131.0 8.10811e-38 0.0 0.0 0.0 0.0
132.0 8.10811e-38 0.0 0.0 0.0 0.0
134.0 8.10811e-38 0.0 0.0 0.0 0.0
137.0 8.10811e-38 0.0 0.0 0.0 0.0
140.0 8.10811e-38 0.0 0.0 0.0 0.0
143.0 8.10811e-38 0.0 0.0 0.0 0.0
147.0 8.10811e-38 0.0 0.0 0.0 0.0
151.0 8.10811e-38 0.0 0.0 0.0 0.0
155.0 8.10811e-38 0.0 0.0 0.0 0.0
159.0 8.10811e-38 0.0 0.0 0.0 0.0
162.0 8.10811e-38 0.0 0.0 0.0 0.0
166.0 8.10811e-38 0.0 0.0 0.0 0.0
170.0 8.10811e-38 0.0 0.0 0.0 0.0
173.0 8.10811e-38 0.0 0.0 0.0 0.0
177.0 8.10811e-38 0.0 0.0 0.0 0.0
180.0 8.10811e-38 0.0 0.0 0.0 0.0
182.0 8.10811e-38 0.0 0.0 0.0 0.0
186.0 8.10811e-38 0.0 0.0 0.0 0.0
191.0 8.10811e-38 0.0 0.0 0.0 0.0
194.0 8.10811e-38 0.0 0.0 0.0 0.0
198.0 8.10811e-38 0.0 0.0 0.0 0.0
202.0 8.10811e-38 0.0 0.0 0.0 0.0
205.0 8.10811e-38 0.0 0.0 0.0 0.0
210.0 8.10811e-38 0.0 0.0 0.0 0.0
216.0 8.10811e-38 0.0 0.0 0.0 0.0
220.0 8.10811e-38 0.0 0.0 0.0 0.0
223.0 8.10811e-38 0.0 0.0 0.0 0.0
227.0 8.10811e-38 0.0 0.0 0.0 0.0
230.0 8.10811e-38 0.0 0.0 0.0 0.0
234.0 8.10811e-38 0.0 0.0 0.0 0.0
240.0 8.10811e-38 0.0 0.0 0.0 0.0
246.0 8.10811e-38 0.0 0.0 0.0 0.0
252.0 8.10811e-38 0.0 0.0 0.0 0.0
257.0 8.10811e-38 0.0 0.0 0.0 0.0
260.0 8.10811e-38 0.0 0.0 0.0 0.0
264.0 8.10811e-38 0.0 0.0 0.0 0.0
269.0 8.10811e-38 0.0 0.0 0.0 0.0
274.0 8.10811e-38 0.0 0.0 0.0 0.0
279.0 8.10811e-38 0.0 0.0 0.0 0.0
284.0 8.10811e-38 0.0 0.0 0.0 0.0
290.0 8.10811e-38 0.0 0.0 0.0 0.0
296.0 8.10811e-38 0.0 0.0 0.0 0.0
301.0 8.10811e-38 0.0 0.0 0.0 0.0
308.0 8.10811e-38 0.0 0.0 0.0 0.0
318.0 8.10811e-38 0.0 0.0 0.0 0.0
328.0 8.10811e-38 0.0 0.0 0.0 0.0
338.0 8.10811e-38 0.0 0.0 0.0 0.0
348.0 8.10811e-38 0.0 0.0 0.0 0.0
357.0 8.10811e-38 0.0 0.0 0.0 0.0
366.0 8.10811e-38 0.0 0.0 0.0 0.0
375.0 8.10811e-38 0.0 0.0 0.0 0.0
385.0 8.10811e-38 0.0 0.0 0.0 0.0
395.0 8.10811e-38 0.0 0.0 0.0 0.0
405.0 8.10811e-38 0.0 0.0 0.0 0.0
414.0 8.10811e-38 0.0 0.0 0.0 0.0
422.0 8.10811e-38 0.0 0.0 0.0 0.0
430.0 8.10811e-38 0.0 0.0 0.0 0.0
441.0 8.10811e-38 0.0 0.0 0.0 0.0
451.0 8.10811e-38 0.0 0.0 0.0 0.0
460.0 8.10811e-38 0.0 0.0 0.0 0.0
470.0 8.10811e-38 0.0 0.0 0.0 0.0
480.0 8.10811e-38 0.0 0.0 0.0 0.0
490.0 8.10811e-38 0.0 0.0 0.0 0.0
500.0 8.10811e-38 0.0 0.0 0.0 0.0
506.0 8.10811e-38 0.0 0.0 0.0 0.0
512.0 8.10811e-38 0.0 0.0 0.0 0.0
520.0 8.10811e-38 0.0 0.0 0.0 0.0
530.0 8.10811e-38 0.0 0.0 0.0 0.0
540.0 8.10811e-38 0.0 0.0 0.0 0.0
550.0 8.10811e-38 0.0 0.0 0.0 0.0
560.0 8.10811e-38 0.0 0.0 0.0 0.0
570.0 8.10811e-38 0.0 0.0 0.0 0.0
580.0 8.10811e-38 0.0 0.0 0.0 0.0
590.0 8.10811e-38 0.0 0.0 0.0 0.0
600.0 8.10811e-38 0.0 0.0 0.0 0.0
610.0 8.10811e-38 0.0 0.0 0.0 0.0
620.0 8.10811e-38 0.0 0.0 0.0 0.0
630.0 8.10811e-38 0.0 0.0 0.0 0.0
640.0 8.10811e-38 0.0 0.0 0.0 0.0
650.0 8.10811e-38 0.0 0.0 0.0 0.0
658.0 8.10811e-38 0.0 0.0 0.0 0.0
665.0 8.10811e-38 0.0 0.0 0.0 0.0
675.0 8.10811e-38 0.0 0.0 0.0 0.0
685.0 8.10811e-38 0.0 0.0 0.0 0.0
695.0 8.10811e-38 0.0 0.0 0.0 0.0
705.0 8.10811e-38 0.0 0.0 0.0 0.0
716.0 8.10811e-38 0.0 0.0 0.0 0.0
726.0 8.10811e-38 0.0 0.0 0.0 0.0
735.0 8.10811e-38 0.0 0.0 0.0 0.0
745.0 8.10811e-38 0.0 0.0 0.0 0.0
755.0 8.10811e-38 0.0 0.0 0.0 0.0
765.0 8.10811e-38 0.0 0.0 0.0 0.0
775.0 8.10811e-38 0.0 0.0 0.0 0.0
785.0 8.10811e-38 0.0 0.0 0.0 0.0
795.0 8.10811e-38 0.0 0.0 0.0 0.0
805.0 8.10811e-38 0.0 0.0 0.0 0.0
815.0 8.10811e-38 0.0 0.0 0.0 0.0
825.0 8.10811e-38 0.0 0.0 0.0 0.0
835.0 8.10811e-38 0.0 0.0 0.0 0.0
845.0 8.10811e-38 0.0 0.0 0.0 0.0
855.0 8.10811e-38 0.0 0.0 0.0 0.0
865.0 8.10811e-38 0.0 0.0 0.0 0.0
875.0 8.10811e-38 0.0 0.0 0.0 0.0
885.0 8.10811e-38 0.0 0.0 0.0 0.0
895.0 8.10811e-38 0.0 0.0 0.0 0.0
905.0 8.10811e-38 0.0 0.0 0.0 0.0
915.0 8.10811e-38 0.0 0.0 0.0 0.0
925.0 8.10811e-38 0.0 0.0 0.0 0.0
935.0 8.10811e-38 0.0 0.0 0.0 0.0
945.0 8.10811e-38 0.0 0.0 0.0 0.0
955.0 8.10811e-38 0.0 0.0 0.0 0.0
965.0 8.10811e-38 0.0 0.0 0.0 0.0
975.0 8.10811e-38 0.0 0.0 0.0 0.0
985.0 8.10811e-38 0.0 0.0 0.0 0.0
995.0 8.10811e-38 0.0 0.0 0.0 0.0
1005.0 5.00576e-31 0.0 0.0 0.0 0.0
1015.0 5.72281e-31 0.0 0.0 0.0 0.0
1025.0 6.52621e-31 0.0 0.0 0.0 0.0
1035.0 7.42432e-31 0.0 0.0 0.0 0.0
1045.0 8.42604e-31 0.0 0.0 0.0 0.0
1055.0 9.5409e-31 0.0 0.0 0.0 0.0
1065.0 1.07791e-30 0.0 0.0 0.0 0.0
1075.0 1.21514e-30 0.0 0.0 0.0 0.0
1085.0 1.36693e-30 0.0 0.0 0.0 0.0
1095.0 1.53451e-30 0.0 0.0 0.0 0.0
1105.0 1.71915e-30 0.0 0.0 0.0 0.0
1115.0 1.92223e-30 0.0 0.0 0.0 0.0
1125.0 2.14519e-30 0.0 0.0 0.0 0.0
1135.0 2.38955e-30 0.0 0.0 0.0 0.0
1145.0 2.65689e-30 0.0 0.0 0.0 0.0
1155.0 2.94891e-30 0.0 0.0 0.0 0.0
1165.0 3.26736e-30 0.0 0.0 0.0 0.0
1175.0 3.61409e-30 0.0 0.0 0.0 0.0
1185.0 3.99103e-30 0.0 0.0 0.0 0.0
1195.0 4.4002e-30 0.0 0.0 0.0 0.0
1205.0 4.8437e-30 0.0 0.0 0.0 0.0
1215.0 5.32374e-30 0.0 0.0 0.0 0.0
1225.0 1.10803e-29 0.0 0.0 0.0 0.0
1235.0 1.34429e-29 0.0 0.0 0.0 0.0
1245.0 1.63423e-29 0.0 0.0 0.0 0.0
1255.0 1.98782e-29 0.0 0.0 0.0 0.0
1265.0 2.41601e-29 0.0 0.0 0.0 0.0
1275.0 2.93069e-29 0.0 0.0 0.0 0.0
1285.0 3.54455e-29 0.0 0.0 0.0 0.0
1295.0 4.27097e-29 0.0 0.0 0.0 0.0
1305.0 5.12381e-29 0.0 0.0 0.0 0.0
1315.0 6.11724e-29 0.0 0.0 0.0 0.0
1325.0 7.26554e-29 0.0 0.0 0.0 0.0
1335.0 8.58282e-29 0.0 0.0 0.0 3.12365e-27
1345.0 1.00828e-28 0.0 0.0 0.0 0.0
1355.0 1.17787e-28 0.0 0.0 0.0 0.0
1365.0 1.36828e-28 0.0 0.0 0.0 0.0
1375.0 1.58064e-28 0.0 0.0 0.0 0.0
1385.0 1.81594e-28 0.0 0.0 0.0 0.0
1395.0 2.07504e-28 0.0 0.0 0.0 0.0
1405.0 2.35864e-28 0.0 0.0 0.0 0.0
1415.0 2.66727e-28 0.0 0.0 0.0 0.0
1425.0 3.00129e-28 0.0 0.0 0.0 0.0
1435.0 3.36085e-28 0.0 0.0 0.0 0.0
1442.0 3.62774e-28 0.0 0.0 0.0 0.0
1447.0 3.82601e-28 0.0 0.0 0.0 0.0
1455.0 4.15635e-28 0.0 0.0 0.0 0.0
1465.0 4.59168e-28 0.0 0.0 0.0 0.0
1475.0 5.05138e-28 0.0 0.0 0.0 0.0
1485.0 5.53471e-28 0.0 0.0 0.0 0.0
1495.0 6.04076e-28 0.0 0.0 0.0 0.0
1505.0 6.56868e-28 0.0 0.0 0.0 0.0
1512.0 6.95059e-28 0.0 0.0 0.0 0.0
1517.0 7.22932e-28 0.0 0.0 0.0 0.0
1525.0 7.68508e-28 0.0 0.0 0.0 0.0
1535.0 8.2708e-28 0.0 0.0 0.0 0.0
1545.0 8.87294e-28 0.0 0.0 0.0 0.0
1555.0 9.48995e-28 0.0 0.0 0.0 0.0
1565.0 1.01203e-27 0.0 0.0 0.0 0.0
1575.0 1.07623e-27 0.0 0.0 0.0 0.0
1585.0 1.14143e-27 0.0 0.0 0.0 0.0
1595.0 1.20747e-27 0.0 0.0 0.0 0.0
1605.0 1.27419e-27 0.0 0.0 0.0 0.0
1615.0 1.34142e-27 0.0 0.0 0.0 0.0
1625.0 1.40901e-27 0.0 0.0 0.0 0.0
1635.0 1.4768e-27 0.0 0.0 0.0 0.0
1645.0 1.54464e-27 0.0 0.0 0.0 0.0
1655.0 1.6124e-27 0.0 0.0 0.0 0.0
1665.0 1.67992e-27 0.0 0.0 3.01401e-27 5.19658e-28
1672.0 1.72699e-27 0.0 0.0 0.0 0.0
1677.0 1.76048e-27 0.0 0.0 0.0 0.0
1685.0 1.8138e-27 0.0 0.0 0.0 0.0
1695.0 1.87991e-27 0.0 0.0 0.0 0.0
1705.0 1.94533e-27 0.0 0.0 0.0 0.0
1715.0 2.00995e-27 0.0 0.0 0.0 0.0
1725.0 2.07371e-27 0.0 0.0 0.0 0.0
1735.0 2.1365e-27 0.0 0.0 0.0 0.0
1745.0 2.19827e-27 0.0 0.0 0.0 0.0
1755.0 2.25895e-27 0.0 0.0 0.0 0.0
1765.0 2.31849e-27 0.0 0.0 0.0 0.0
1775.0 2.37684e-27 0.0 0.0 0.0 0.0
1785.0 2.43396e-27 0.0 0.0 0.0 0.0
1795.0 2.48982e-27 0.0 0.0 0.0 0.0
1805.0 2.5444e-27 0.0 0.0 0.0 0.0
1815.0 2.59768e-27 0.0 0.0 0.0 0.0
1825.0 2.64965e-27 0.0 0.0 0.0 0.0
1835.0 2.7003e-27 0.0 0.0 0.0 0.0
1845.0 2.74963e-27 0.0 0.0 0.0 0.0
1855.0 2.79765e-27 0.0 0.0 0.0 0.0
1865.0 2.84437e-27 0.0 0.0 0.0 0.0
1875.0 2.88981e-27 0.0 0.0 0.0 0.0
1885.0 2.93398e-27 0.0 0.0 0.0 0.0
1895.0 2.97691e-27 0.0 0.0 0.0 0.0
1905.0 3.01861e-27 0.0 0.0 0.0 1.04081e-26
1915.0 3.05913e-27 0.0 0.0 0.0 0.0
1925.0 3.0985e-27 0.0 0.0 0.0 0.0
1935.0 3.13674e-27 0.0 0.0 0.0 0.0
1945.0 3.1739e-27 0.0 0.0 0.0 0.0
1955.0 3.21e-27 0.0 0.0 0.0 0.0
1967.0 3.25201e-27 0.0 0.0 0.0 0.0
1976.0 3.2826e-27 0.0 0.0 0.0 0.0
1984.0 3.30917e-27 0.0 0.0 0.0 0.0
1995.0 3.34478e-27 0.0 0.0 0.0 0.0
2005.0 3.37627e-27 0.0 0.0 0.0 0.0
2015.0 3.40697e-27 0.0 0.0 0.0 0.0
2025.0 3.43692e-27 0.0 0.0 0.0 0.0
2035.0 3.46617e-27 0.0 0.0 0.0 0.0
2045.0 3.49476e-27 0.0 0.0 0.0 0.0
2055.0 3.52274e-27 0.0 0.0 0.0 0.0
2065.0 3.55015e-27 0.0 0.0 0.0 0.0
2074.0 3.57437e-27 0.0 0.0 0.0 0.0
2078.0 3.58501e-27 0.0 0.0 0.0 0.0
2085.0 3.60345e-27 0.0 0.0 0.0 0.0
2095.0 3.62942e-27 0.0 0.0 0.0 0.0
2105.0 3.655e-27 0.0 0.0 0.0 0.0
2115.0 3.68022e-27 0.0 0.0 0.0 0.0
2125.0 3.70514e-27 0.0 0.0 0.0 0.0
2135.0 3.72979e-27 0.0 0.0 0.0 0.0
2145.0 3.75421e-27 0.0 0.0 0.0 7.33099e-28
2155.0 3.77844e-27 0.0 0.0 0.0 0.0
2165.0 3.80252e-27 0.0 0.0 0.0 0.0
2175.0 3.82649e-27 0.0 0.0 0.0 0.0
2185.0 3.85038e-27 0.0 0.0 0.0 0.0
2195.0 3.87423e-27 0.0 0.0 0.0 0.0
2205.0 3.89807e-27 0.0 0.0 0.0 0.0
2215.0 3.92194e-27 0.0 0.0 0.0 0.0
2225.0 3.94587e-27 0.0 0.0 0.0 0.0
2235.0 3.96989e-27 0.0 0.0 0.0 0.0
2245.0 3.99403e-27 0.0 0.0 0.0 0.0
2255.0 4.01832e-27 0.0 0.0 0.0 0.0
2265.0 4.0428e-27 0.0 0.0 0.0 0.0
2275.0 4.06748e-27 0.0 0.0 0.0 0.0
2285.0 4.09241e-27 0.0 0.0 0.0 0.0
2295.0 4.11759e-27 0.0 0.0 0.0 0.0
2305.0 4.14306e-27 0.0 0.0 0.0 0.0
2315.0 4.16884e-27 0.0 0.0 0.0 0.0
2325.0 4.19496e-27 0.0 0.0 0.0 2.49776e-26
2335.0 4.22144e-27 0.0 0.0 0.0 0.0
2345.0 4.2483e-27 0.0 0.0 0.0 0.0
2355.0 4.27556e-27 0.0 0.0 0.0 0.0
2365.0 4.30324e-27 0.0 0.0 0.0 0.0
2375.0 4.33137e-27 0.0 0.0 0.0 0.0
2385.0 4.35995e-27 0.0 0.0 0.0 0.0
2395.0 4.38902e-27 0.0 0.0 0.0 0.0
2405.0 4.41858e-27 0.0 0.0 0.0 0.0
2415.0 4.44865e-27 0.0 0.0 0.0 0.0
2425.0 4.47925e-27 0.0 0.0 0.0 0.0
2435.0 4.5104e-27 0.0 0.0 0.0 0.0
2445.0 4.54211e-27 0.0 0.0 0.0 0.0
2455.0 4.57438e-27 0.0 0.0 0.0 0.0
2465.0 4.60724e-27 0.0 0.0 0.0 0.0
2475.0 4.64069e-27 0.0 0.0 0.0 0.0
2485.0 4.67474e-27 0.0 0.0 0.0 0.0
2495.0 4.70941e-27 0.0 0.0 0.0 0.0
2505.0 4.7447e-27 0.0 0.0 0.0 0.0
2513.0 4.77339e-27 0.0 0.0 0.0 0.0
2518.0 4.79153e-27 0.0 0.0 0.0 0.0
2525.0 4.8172e-27 0.0 0.0 0.0 0.0
2535.0 4.85442e-27 0.0 0.0 0.0 0.0
2545.0 4.8923e-27 0.0 0.0 0.0 0.0
2555.0 4.93085e-27 0.0 0.0 0.0 0.0
2565.0 4.97008e-27 0.0 0.0 0.0 0.0
2575.0 5.00999e-27 0.0 0.0 0.0 0.0
2585.0 5.05059e-27 0.0 0.0 0.0 0.0
2595.0 5.09189e-27 0.0 0.0 0.0 0.0
2605.0 4.95027e-27 0.0 0.0 0.0 0.0
2615.0 4.99318e-27 0.0 0.0 0.0 0.0
2625.0 5.03691e-27 0.0 0.0 0.0 0.0
2635.0 5.08145e-27 0.0 0.0 0.0 0.0
2645.0 5.12682e-27 0.0 0.0 0.0 0.0
2655.0 5.17302e-27 0.0 0.0 0.0 0.0
2665.0 5.22005e-27 0.0 0.0 0.0 0.0
2675.0 5.26794e-27 0.0 0.0 0.0 0.0
2685.0 5.31667e-27 0.0 0.0 0.0 0.0
2695.0 5.36627e-27 0.0 0.0 0.0 0.0
2705.0 5.41672e-27 0.0 0.0 0.0 0.0
2715.0 5.46805e-27 0.0 0.0 0.0 0.0
2725.0 5.52024e-27 0.0 0.0 0.0 0.0
2735.0 5.57331e-27 0.0 0.0 0.0 0.0
2745.0 5.62727e-27 0.0 0.0 0.0 0.0
2755.0 5.6821e-27 0.0 0.0 0.0 0.0
2765.0 5.73782e-27 0.0 0.0 0.0 0.0
2775.0 5.79444e-27 0.0 0.0 0.0 0.0
2785.0 5.85194e-27 0.0 0.0 0.0 0.0
2795.0 5.91034e-27 0.0 0.0 3.85862e-26 8.71303e-27
2805.0 5.96965e-27 0.0 0.0 0.0 0.0
2815.0 6.02985e-27 0.0 0.0 0.0 0.0
2825.0 6.09096e-27 0.0 0.0 0.0 0.0
2835.0 6.15298e-27 0.0 0.0 0.0 0.0
2845.0 6.21591e-27 0.0 0.0 0.0 0.0
2855.0 6.27975e-27 0.0 0.0 0.0 0.0
2865.0 6.34451e-27 0.0 0.0 0.0 0.0
2875.0 6.41019e-27 0.0 0.0 0.0 0.0
2885.0 6.47679e-27 0.0 0.0 0.0 0.0
2895.0 6.54431e-27 0.0 0.0 0.0 0.0
2910.0 6.64733e-27 0.0 0.0 0.0 0.0
2930.0 6.78794e-27 0.0 0.0 0.0 0.0
2950.0 6.93228e-27 0.0 0.0 0.0 0.0
2970.0 7.08035e-27 0.0 0.0 0.0 0.0
2990.0 7.23218e-27 0.0 0.0 0.0 0.0
3010.0 7.38778e-27 0.0 0.0 0.0 0.0
3030.0 7.54715e-27 0.0 0.0 0.0 0.0
3050.0 7.7103e-27 0.0 0.0 0.0 0.0
3070.0 7.87723e-27 0.0 0.0 0.0 0.0
3090.0 8.04796e-27 0.0 0.0 0.0 0.0
3110.0 8.22247e-27 0.0 0.0 0.0 0.0
3130.0 8.32371e-27 0.0 0.0 0.0 0.0
3150.0 8.46355e-27 0.0 0.0 0.0 0.0
3170.0 8.60543e-27 0.0 0.0 0.0 0.0
3190.0 8.74935e-27 0.0 0.0 0.0 0.0
3210.0 8.89528e-27 0.0 0.0 0.0 0.0
3230.0 9.04321e-27 0.0 0.0 0.0 0.0
3250.0 9.19311e-27 0.0 0.0 0.0 0.0
3270.0 9.34496e-27 0.0 0.0 0.0 0.0
3290.0 9.49876e-27 0.0 0.0 0.0 0.0
3310.0 9.65448e-27 0.0 0.0 0.0 0.0
3330.0 9.8121e-27 0.0 0.0 0.0 0.0
3350.0 9.97161e-27 0.0 0.0 0.0 0.0
3370.0 1.0133e-26 0.0 0.0 0.0 0.0
3390.0 1.02962e-26 0.0 0.0 0.0 0.0
3410.0 1.04612e-26 0.0 0.0 0.0 0.0
3430.0 1.06281e-26 0.0 0.0 0.0 0.0
3450.0 1.00682e-26 0.0 0.0 0.0 0.0
3470.0 1.02202e-26 0.0 0.0 0.0 0.0
3490.0 1.03737e-26 0.0 0.0 0.0 0.0
3510.0 1.05286e-26 0.0 0.0 0.0 0.0
3530.0 1.06851e-26 0.0 0.0 0.0 0.0
3550.0 1.0843e-26 0.0 0.0 0.0 0.0
3570.0 1.10024e-26 0.0 0.0 0.0 0.0
3590.0 1.11631e-26 0.0 0.0 0.0 0.0
3610.0 1.13253e-26 0.0 0.0 0.0 0.0
3630.0 1.14889e-26 0.0 0.0 0.0 0.0
3640.0 1.15712e-26 0.0 0.0 0.0 0.0
3650.0 2.51176e-27 0.0 0.0 0.0 0.0
3670.0 2.51509e-27 0.0 0.0 0.0 0.0
3690.0 2.35652e-27 7.18104e-28 0.0 0.0 0.0
3710.0 2.35778e-27 1.7117e-28 0.0 0.0 0.0
3730.0 2.35928e-27 0.0 5.42004e-26 1.98513e-25 3.33627e-25
3750.0 2.36102e-27 0.0 0.0 0.0 0.0
3770.0 2.36299e-27 0.0 0.0 0.0 0.0
3790.0 2.36519e-27 6.06501e-27 0.0 0.0 0.0
3810.0 2.36762e-27 0.0 0.0 0.0 0.0
3830.0 2.37028e-27 0.0 0.0 0.0 0.0
3850.0 2.37317e-27 0.0 0.0 0.0 0.0
3870.0 2.37628e-27 0.0 3.51982e-26 4.96355e-26 3.57948e-26
3890.0 2.37961e-27 0.0 2.44721e-26 2.31461e-26 1.28991e-26
3910.0 2.38316e-27 0.0 0.0 0.0 0.0
3930.0 2.38693e-27 0.0 0.0 0.0 0.0
3950.0 2.39091e-27 0.0 0.0 0.0 0.0
3970.0 2.3951e-27 0.0 3.39017e-26 3.5534e-26 1.99643e-26
3990.0 2.39951e-27 0.0 0.0 0.0 0.0
4010.0 2.40404e-27 0.0 0.0 0.0 0.0
4030.0 2.40872e-27 0.0 1.94079e-27 1.94079e-27 1.94079e-27
4050.0 2.41361e-27 0.0 0.0 0.0 0.0
4070.0 2.41869e-27 0.0 9.23768e-28 3.16721e-27 5.2787e-27
4090.0 2.42398e-27 0.0 0.0 0.0 0.0
4110.0 2.42945e-27 3.48546e-26 0.0 0.0 0.0
4130.0 2.43512e-27 0.0 0.0 0.0 0.0
4150.0 2.44098e-27 0.0 0.0 0.0 0.0
4170.0 2.44703e-27 0.0 0.0 0.0 0.0
4190.0 2.45326e-27 0.0 0.0 0.0 0.0
4210.0 2.45967e-27 0.0 0.0 0.0 0.0
4230.0 2.46627e-27 0.0 0.0 0.0 0.0
4250.0 2.47304e-27 0.0 0.0 0.0 0.0
4270.0 2.47999e-27 0.0 0.0 0.0 0.0
4290.0 2.48711e-27 0.0 0.0 0.0 0.0
4310.0 2.49441e-27 0.0 0.0 0.0 0.0
4330.0 2.50188e-27 0.0 0.0 0.0 0.0
4350.0 2.50952e-27 7.05509e-26 0.0 0.0 0.0
4370.0 2.51732e-27 0.0 1.65831e-26 1.00412e-26 1.52139e-27
4390.0 2.52528e-27 0.0 0.0 0.0 0.0
4410.0 2.53341e-27 0.0 0.0 0.0 0.0
4430.0 2.5417e-27 0.0 0.0 0.0 0.0
4450.0 2.55015e-27 0.0 0.0 0.0 0.0
4470.0 2.55876e-27 0.0 5.7305e-27 5.7305e-27 7.95908e-27
4490.0 2.56752e-27 0.0 0.0 0.0 0.0
4510.0 2.57647e-27 0.0 0.0 0.0 0.0
4530.0 2.5856e-27 0.0 0.0 0.0 0.0
4550.0 2.59488e-27 0.0 0.0 0.0 0.0
4570.0 2.60431e-27 0.0 0.0 0.0 0.0
4590.0 2.61388e-27 0.0 0.0 0.0 0.0
4610.0 2.6236e-27 0.0 0.0 0.0 0.0
4630.0 2.63347e-27 0.0 0.0 0.0 0.0
4650.0 2.64348e-27 0.0 0.0 0.0 0.0
4670.0 2.65362e-27 0.0 0.0 0.0 0.0
4690.0 2.66391e-27 0.0 0.0 0.0 0.0
4710.0 2.67433e-27 0.0 1.76733e-27 2.47427e-27 0.0
4730.0 2.68489e-27 0.0 0.0 0.0 0.0
4750.0 2.69559e-27 0.0 0.0 0.0 0.0
4770.0 2.70641e-27 0.0 0.0 0.0 0.0
4790.0 2.71737e-27 0.0 0.0 0.0 0.0
4810.0 2.72846e-27 0.0 0.0 0.0 0.0
4830.0 2.73967e-27 0.0 0.0 0.0 0.0
4850.0 2.75101e-27 0.0 0.0 0.0 0.0
4870.0 2.76247e-27 0.0 1.88945e-25 1.88945e-25 1.88945e-25
4890.0 2.77406e-27 0.0 0.0 0.0 0.0
4910.0 2.78577e-27 0.0 0.0 0.0 0.0
4930.0 2.7976e-27 0.0 0.0 0.0 0.0
4950.0 2.80955e-27 0.0 2.14138e-25 3.15643e-25 2.7309e-25
4970.0 2.82161e-27 0.0 0.0 0.0 0.0
4990.0 2.8338e-27 0.0 0.0 0.0 0.0
5010.0 2.84609e-27 0.0 6.31687e-25 9.50231e-25 8.16056e-25
5030.0 2.8585e-27 0.0 0.0 0.0 0.0
5050.0 2.87102e-27 0.0 0.0 0.0 0.0
5070.0 2.88365e-27 0.0 0.0 0.0 0.0
5090.0 2.89639e-27 0.0 0.0 0.0 0.0
5110.0 2.90923e-27 0.0 0.0 0.0 0.0
5130.0 2.92219e-27 0.0 0.0 0.0 0.0
5150.0 2.93524e-27 0.0 0.0 0.0 0.0
5170.0 2.9484e-27 0.0 0.0 0.0 0.0
5190.0 2.96166e-27 0.0 6.4377e-28 2.14591e-27 6.4377e-27
5210.0 2.97503e-27 0.0 0.0 0.0 0.0
5230.0 2.98849e-27 0.0 0.0 0.0 0.0
5250.0 3.00205e-27 0.0 0.0 0.0 0.0
5270.0 3.0157e-27 0.0 0.0 0.0 0.0
5290.0 3.02945e-27 0.0 0.0 0.0 0.0
5310.0 3.0433e-27 0.0 0.0 0.0 0.0
5330.0 3.05724e-27 0.0 0.0 0.0 0.0
5350.0 3.07127e-27 0.0 0.0 0.0 0.0
5370.0 3.08539e-27 0.0 0.0 0.0 0.0
5390.0 3.0996e-27 0.0 0.0 0.0 0.0
5410.0 3.11389e-27 0.0 0.0 0.0 0.0
5430.0 3.12828e-27 0.0 0.0 0.0 0.0
5450.0 3.14275e-27 0.0 0.0 0.0 0.0
5470.0 3.1573e-27 0.0 0.0 0.0 0.0
5490.0 3.17194e-27 0.0 0.0 0.0 0.0
5510.0 3.18666e-27 0.0 0.0 0.0 0.0
5530.0 3.20146e-27 0.0 0.0 0.0 0.0
5550.0 3.21634e-27 0.0 0.0 0.0 0.0
5570.0 3.2313e-27 0.0 0.0 0.0 0.0
5590.0 3.24634e-27 0.0 0.0 0.0 0.0
5610.0 3.26146e-27 0.0 0.0 0.0 0.0
5630.0 3.27665e-27 0.0 0.0 0.0 0.0
5650.0 3.29191e-27 0.0 0.0 0.0 0.0
5670.0 3.30725e-27 0.0 0.0 0.0 0.0
5690.0 3.32266e-27 0.0 0.0 0.0 0.0
5710.0 3.3378e-27 0.0 0.0 0.0 0.0
5730.0 3.35297e-27 0.0 0.0 0.0 0.0
5750.0 3.36821e-27 0.0 0.0 0.0 2.63398e-27
5770.0 3.38351e-27 0.0 0.0 0.0 0.0
5790.0 3.39888e-27 0.0 0.0 0.0 0.0
5810.0 3.41431e-27 0.0 0.0 0.0 0.0
5830.0 3.4298e-27 0.0 0.0 0.0 0.0
5850.0 3.44535e-27 0.0 0.0 0.0 0.0
5870.0 3.46096e-27 0.0 2.63526e-26 2.96467e-26 3.84309e-26
5890.0 3.47663e-27 0.0 0.0 0.0 0.0
5910.0 3.49236e-27 0.0 0.0 0.0 0.0
5930.0 3.50814e-27 0.0 0.0 0.0 0.0
5950.0 3.52398e-27 0.0 0.0 0.0 0.0
5970.0 3.53987e-27 0.0 0.0 0.0 0.0
5990.0 3.55582e-27 0.0 0.0 0.0 0.0
6010.0 3.57183e-27 0.0 0.0 0.0 0.0
6030.0 3.58788e-27 0.0 0.0 0.0 0.0
6050.0 3.60399e-27 0.0 0.0 0.0 0.0
6070.0 3.62014e-27 0.0 0.0 0.0 0.0
6090.0 3.63635e-27 0.0 0.0 0.0 0.0
6110.0 3.65261e-27 0.0 0.0 0.0 0.0
6130.0 3.66891e-27 0.0 0.0 0.0 0.0
6150.0 3.68526e-27 0.0 0.0 0.0 0.0
6170.0 3.70166e-27 0.0 0.0 0.0 0.0
6190.0 3.7181e-27 0.0 0.0 0.0 0.0
6210.0 3.73459e-27 0.0 0.0 0.0 0.0
6230.0 3.75112e-27 0.0 0.0 0.0 0.0
6250.0 3.7677e-27 0.0 0.0 0.0 0.0
6270.0 3.78431e-27 0.0 0.0 0.0 0.0
6290.0 3.80097e-27 0.0 2.52155e-27 1.2923e-26 4.09752e-26
6310.0 3.81766e-27 0.0 2.85482e-27 5.39241e-27 9.51602e-27
6330.0 3.8344e-27 0.0 0.0 0.0 0.0
6350.0 3.85117e-27 0.0 0.0 0.0 0.0
6370.0 3.86798e-27 0.0 0.0 0.0 0.0
6390.0 3.88483e-27 0.0 0.0 0.0 0.0
6410.0 3.90172e-27 0.0 0.0 0.0 0.0
6430.0 3.91864e-27 0.0 0.0 0.0 0.0
6450.0 3.93559e-27 0.0 0.0 0.0 0.0
6470.0 3.95258e-27 0.0 0.0 0.0 0.0
6490.0 3.9696e-27 0.0 0.0 0.0 0.0
6510.0 3.98665e-27 0.0 0.0 0.0 0.0
6530.0 4.00374e-27 0.0 0.0 0.0 0.0
6550.0 4.02086e-27 0.0 1.70895e-27 2.01656e-26 4.64834e-26
6570.0 4.03801e-27 9.84532e-25 0.0 0.0 0.0
6590.0 4.05518e-27 0.0 5.18965e-27 6.40056e-26 1.39775e-25
6610.0 4.07239e-27 0.0 0.0 0.0 0.0
6630.0 4.08962e-27 0.0 0.0 0.0 0.0
6650.0 4.09059e-27 0.0 0.0 0.0 0.0
6670.0 4.1078e-27 0.0 9.21512e-27 1.06329e-26 1.06329e-26
6690.0 4.12504e-27 0.0 0.0 0.0 0.0
6710.0 4.1423e-27 0.0 1.32716e-26 6.74343e-26 1.07607e-25
6730.0 4.15959e-27 0.0 1.04642e-26 4.97952e-26 7.5775e-26
6750.0 4.1769e-27 0.0 0.0 0.0 0.0
6770.0 4.19424e-27 0.0 0.0 0.0 0.0
6790.0 4.2116e-27 0.0 0.0 0.0 0.0
6810.0 4.22899e-27 0.0 0.0 0.0 0.0
6830.0 4.2464e-27 0.0 0.0 0.0 0.0
6850.0 4.26383e-27 0.0 0.0 0.0 0.0
6870.0 4.28128e-27 0.0 0.0 0.0 0.0
6890.0 4.29875e-27 0.0 0.0 0.0 0.0
6910.0 4.31624e-27 0.0 0.0 0.0 0.0
6930.0 4.33375e-27 0.0 0.0 0.0 0.0
6950.0 4.35128e-27 0.0 0.0 0.0 0.0
6970.0 4.36883e-27 0.0 0.0 0.0 0.0
6990.0 4.3864e-27 0.0 0.0 0.0 0.0
7010.0 4.40372e-27 0.0 0.0 0.0 0.0
7030.0 4.42097e-27 0.0 0.0 0.0 0.0
7050.0 4.43824e-27 0.0 0.0 0.0 0.0
7070.0 4.45552e-27 0.0 1.115e-26 9.15891e-27 1.59285e-26
7090.0 4.47281e-27 0.0 0.0 0.0 0.0
7110.0 4.49012e-27 0.0 0.0 0.0 0.0
7130.0 4.50744e-27 0.0 4.86002e-27 1.0935e-26 1.053e-26
7150.0 4.52477e-27 0.0 0.0 0.0 0.0
7170.0 4.54211e-27 0.0 0.0 0.0 0.0
7190.0 4.55947e-27 0.0 0.0 0.0 0.0
7210.0 4.57684e-27 0.0 0.0 0.0 0.0
7230.0 4.59421e-27 0.0 0.0 0.0 0.0
7250.0 4.6116e-27 0.0 0.0 0.0 0.0
7270.0 4.629e-27 0.0 0.0 0.0 0.0
7290.0 4.64641e-27 0.0 0.0 0.0 0.0
7310.0 4.66383e-27 0.0 5.10848e-27 1.14941e-26 1.10684e-26
7330.0 4.68125e-27 0.0 2.99628e-27 5.99254e-27 5.99254e-27
7350.0 4.69869e-27 0.0 0.0 0.0 0.0
7370.0 4.71613e-27 0.0 0.0 0.0 0.0
7390.0 4.73358e-27 0.0 0.0 0.0 0.0
7410.0 4.75104e-27 0.0 0.0 0.0 0.0
7430.0 4.76851e-27 0.0 0.0 0.0 0.0
7450.0 4.77927e-27 0.0 0.0 0.0 0.0
7470.0 4.79673e-27 0.0 0.0 0.0 0.0
7490.0 4.81421e-27 0.0 0.0 0.0 0.0
7510.0 4.83169e-27 0.0 0.0 0.0 0.0
7530.0 4.84917e-27 0.0 0.0 0.0 0.0
7550.0 4.86666e-27 0.0 0.0 0.0 0.0
7570.0 4.88415e-27 0.0 0.0 0.0 0.0
7590.0 4.90165e-27 0.0 0.0 0.0 0.0
7610.0 4.91915e-27 0.0 0.0 0.0 0.0
7630.0 4.93666e-27 0.0 0.0 0.0 0.0
7650.0 4.95417e-27 0.0 0.0 0.0 0.0
7670.0 4.97168e-27 0.0 0.0 0.0 0.0
7690.0 4.98919e-27 0.0 0.0 0.0 0.0
7710.0 5.00671e-27 0.0 0.0 0.0 0.0
7730.0 5.02423e-27 0.0 0.0 0.0 0.0
7750.0 5.04175e-27 0.0 3.20594e-26 8.42155e-26 4.11508e-26
7770.0 5.05927e-27 0.0 0.0 0.0 0.0
7790.0 5.07679e-27 0.0 0.0 0.0 0.0
7810.0 5.09432e-27 0.0 0.0 0.0 0.0
7830.0 5.11184e-27 0.0 0.0 0.0 0.0
7850.0 5.02419e-27 0.0 0.0 0.0 0.0
7870.0 5.04134e-27 0.0 0.0 0.0 0.0
7890.0 5.05849e-27 0.0 0.0 0.0 0.0
7910.0 5.07565e-27 0.0 0.0 0.0 0.0
7930.0 5.0928e-27 0.0 0.0 0.0 0.0
7950.0 5.10995e-27 0.0 0.0 0.0 0.0
7970.0 5.1271e-27 0.0 0.0 0.0 0.0
7990.0 5.14425e-27 0.0 0.0 0.0 0.0
8010.0 5.1614e-27 0.0 0.0 0.0 0.0
8030.0 5.17855e-27 0.0 0.0 0.0 0.0
8050.0 5.1957e-27 0.0 0.0 0.0 0.0
8070.0 5.21284e-27 0.0 0.0 0.0 0.0
8090.0 5.22998e-27 0.0 0.0 0.0 0.0
8110.0 5.24712e-27 0.0 0.0 0.0 0.0
8130.0 5.26426e-27 0.0 0.0 0.0 0.0
8150.0 5.28139e-27 0.0 0.0 0.0 0.0
8170.0 5.29853e-27 0.0 0.0 0.0 0.0
8190.0 5.31565e-27 0.0 0.0 0.0 0.0
8210.0 2.40529e-27 0.0 0.0 0.0 0.0
8230.0 2.40958e-27 0.0 0.0 0.0 0.0
8250.0 2.41388e-27 0.0 0.0 0.0 0.0
8270.0 2.39094e-27 0.0 0.0 0.0 0.0
8290.0 2.39636e-27 0.0 0.0 0.0 0.0
8310.0 2.40178e-27 0.0 0.0 0.0 0.0
8330.0 2.4072e-27 0.0 0.0 0.0 0.0
8350.0 2.41263e-27 0.0 0.0 0.0 0.0
8370.0 2.41807e-27 0.0 0.0 0.0 0.0
8390.0 2.42351e-27 1.28421e-27 0.0 0.0 0.0
8410.0 2.42896e-27 0.0 0.0 0.0 0.0
8430.0 2.43441e-27 0.0 0.0 0.0 0.0
8450.0 2.43987e-27 0.0 0.0 0.0 0.0
8470.0 2.44533e-27 0.0 0.0 0.0 0.0
8490.0 2.4508e-27 0.0 0.0 0.0 0.0
8510.0 2.45627e-27 0.0 0.0 0.0 0.0
8530.0 2.46175e-27 0.0 0.0 0.0 0.0
8550.0 2.46722e-27 3.15069e-27 0.0 0.0 0.0
8570.0 2.47271e-27 0.0 0.0 0.0 0.0
8590.0 2.4782e-27 0.0 0.0 0.0 0.0
8610.0 2.48369e-27 0.0 0.0 0.0 0.0
8630.0 2.48918e-27 0.0 0.0 0.0 0.0
8650.0 2.49468e-27 0.0 0.0 0.0 0.0
8670.0 2.50018e-27 0.0 0.0 0.0 0.0
8690.0 2.50569e-27 0.0 0.0 0.0 0.0
8710.0 2.5112e-27 0.0 0.0 0.0 0.0
8730.0 2.51671e-27 0.0 0.0 0.0 0.0
8750.0 2.52222e-27 0.0 0.0 0.0 0.0
8770.0 2.52774e-27 0.0 0.0 0.0 0.0
8790.0 2.53326e-27 0.0 0.0 0.0 0.0
8810.0 2.53878e-27 0.0 0.0 0.0 0.0
8830.0 2.54431e-27 0.0 0.0 0.0 0.0
8850.0 2.54984e-27 0.0 0.0 0.0 0.0
8870.0 2.55537e-27 0.0 0.0 0.0 0.0
8890.0 2.5609e-27 0.0 0.0 0.0 0.0
8910.0 2.56643e-27 0.0 0.0 0.0 0.0
8930.0 2.57197e-27 0.0 0.0 0.0 0.0
8950.0 2.57751e-27 0.0 0.0 0.0 0.0
8970.0 2.58305e-27 0.0 0.0 0.0 0.0
8990.0 2.58859e-27 0.0 0.0 0.0 0.0
9010.0 2.59413e-27 1.18999e-26 0.0 0.0 0.0
9030.0 2.59968e-27 0.0 0.0 0.0 0.0
9050.0 2.60522e-27 0.0 0.0 0.0 0.0
9070.0 2.61077e-27 0.0 0.0 3.34242e-25 6.1933e-25
9090.0 2.61632e-27 0.0 0.0 0.0 0.0
9110.0 2.62187e-27 0.0 0.0 0.0 0.0
9130.0 2.62742e-27 0.0 0.0 0.0 0.0
9150.0 2.63297e-27 0.0 0.0 0.0 0.0
9170.0 2.63853e-27 0.0 0.0 0.0 0.0
9190.0 2.64408e-27 0.0 0.0 0.0 0.0
9210.0 2.64963e-27 0.0 0.0 0.0 0.0
9230.0 2.65519e-27 0.0 0.0 0.0 0.0
9250.0 2.66074e-27 0.0 0.0 0.0 0.0
9270.0 2.6663e-27 0.0 0.0 0.0 0.0
9290.0 2.67186e-27 0.0 0.0 0.0 0.0
9310.0 2.67741e-27 0.0 0.0 0.0 0.0
9330.0 2.68297e-27 0.0 0.0 0.0 0.0
9350.0 2.68853e-27 0.0 0.0 0.0 0.0
9370.0 2.69408e-27 0.0 0.0 0.0 0.0
9390.0 2.69964e-27 0.0 0.0 0.0 0.0
9410.0 2.7052e-27 0.0 0.0 0.0 0.0
9430.0 2.71075e-27 0.0 0.0 0.0 0.0
9450.0 2.71631e-27 0.0 0.0 0.0 0.0
9470.0 2.72186e-27 0.0 0.0 0.0 0.0
9490.0 2.72742e-27 0.0 0.0 0.0 0.0
9510.0 2.73298e-27 0.0 0.0 0.0 0.0
9530.0 2.73853e-27 0.0 0.0 0.0 2.64092e-25
9550.0 2.74408e-27 0.0 0.0 0.0 0.0
9570.0 2.74964e-27 0.0 0.0 0.0 0.0
9590.0 2.75519e-27 0.0 0.0 0.0 0.0
9610.0 2.76074e-27 0.0 0.0 0.0 0.0
9630.0 2.76629e-27 0.0 0.0 0.0 0.0
9650.0 2.77185e-27 0.0 0.0 0.0 0.0
9670.0 2.77739e-27 0.0 0.0 0.0 0.0
9690.0 2.78294e-27 0.0 0.0 0.0 0.0
9710.0 2.78849e-27 0.0 0.0 0.0 0.0
9730.0 2.79404e-27 0.0 0.0 0.0 0.0
9750.0 2.79958e-27 0.0 0.0 0.0 0.0
9770.0 2.80513e-27 0.0 0.0 0.0 0.0
9790.0 2.81067e-27 0.0 0.0 0.0 0.0
9810.0 2.81621e-27 0.0 0.0 0.0 0.0
9830.0 2.82175e-27 0.0 0.0 0.0 0.0
9850.0 2.82729e-27 0.0 0.0 0.0 0.0
9870.0 2.83282e-27 0.0 0.0 0.0 0.0
9890.0 2.83836e-27 0.0 0.0 0.0 0.0
9910.0 2.84389e-27 0.0 0.0 0.0 0.0
9930.0 2.84942e-27 0.0 0.0 0.0 0.0
9950.0 2.85495e-27 0.0 0.0 0.0 0.0
9970.0 2.86048e-27 0.0 0.0 0.0 0.0
9990.0 2.86601e-27 0.0 0.0 0.0 0.0
10025.0 2.86819e-27 2.09112e-26 0.0 0.0 0.0
10075.0 2.87027e-27 0.0 0.0 0.0 0.0
10125.0 2.87234e-27 0.0 0.0 0.0 0.0
10175.0 2.87441e-27 0.0 0.0 0.0 0.0
10225.0 2.87648e-27 0.0 0.0 0.0 0.0
10275.0 2.87855e-27 0.0 0.0 0.0 1.61488e-26
10325.0 2.88061e-27 0.0 0.0 0.0 3.80483e-26
10375.0 2.88266e-27 0.0 0.0 0.0 0.0
10425.0 2.88472e-27 0.0 0.0 0.0 0.0
10475.0 2.88677e-27 0.0 0.0 0.0 0.0
10525.0 2.88881e-27 0.0 0.0 0.0 0.0
10575.0 2.89085e-27 0.0 0.0 0.0 0.0
10625.0 2.89289e-27 0.0 0.0 0.0 0.0
10675.0 2.89492e-27 0.0 0.0 0.0 0.0
10725.0 2.89695e-27 0.0 0.0 0.0 0.0
10775.0 2.89897e-27 0.0 0.0 0.0 0.0
10825.0 2.90099e-27 0.0 0.0 0.0 0.0
10875.0 2.90301e-27 0.0 0.0 0.0 0.0
10925.0 2.90502e-27 3.43834e-26 0.0 0.0 0.0
10975.0 2.90702e-27 0.0 0.0 0.0 0.0
11025.0 2.90902e-27 0.0 0.0 0.0 0.0
11075.0 2.91102e-27 0.0 0.0 0.0 0.0
11125.0 2.91301e-27 0.0 0.0 0.0 0.0
11175.0 2.915e-27 0.0 0.0 0.0 0.0
11225.0 2.91699e-27 0.0 0.0 0.0 0.0
11275.0 2.91897e-27 0.0 0.0 0.0 0.0
11325.0 2.92094e-27 0.0 0.0 0.0 0.0
11375.0 2.92291e-27 0.0 0.0 0.0 0.0
11425.0 2.92488e-27 0.0 0.0 0.0 0.0
11475.0 2.92684e-27 0.0 0.0 0.0 0.0
11525.0 2.92879e-27 0.0 0.0 0.0 0.0
11575.0 2.93074e-27 0.0 0.0 0.0 0.0
11625.0 2.93269e-27 0.0 0.0 0.0 0.0
11675.0 2.93463e-27 0.0 0.0 0.0 0.0
11725.0 2.93657e-27 0.0 0.0 0.0 0.0
11775.0 2.9385e-27 0.0 0.0 0.0 0.0
11825.0 2.94042e-27 0.0 0.0 0.0 0.0
11875.0 2.94235e-27 0.0 0.0 0.0 0.0
11925.0 2.94426e-27 0.0 0.0 0.0 0.0
11975.0 2.94618e-27 0.0 0.0 0.0 0.0
12025.0 2.94808e-27 0.0 0.0 0.0 0.0
12075.0 2.94998e-27 0.0 0.0 0.0 0.0
12125.0 2.95188e-27 0.0 0.0 0.0 0.0
12175.0 2.95377e-27 0.0 0.0 0.0 0.0
12225.0 2.95566e-27 0.0 0.0 0.0 0.0
12275.0 2.95754e-27 0.0 0.0 0.0 0.0
12325.0 2.95942e-27 0.0 0.0 0.0 0.0
12375.0 2.96129e-27 0.0 0.0 0.0 0.0
12425.0 2.96316e-27 0.0 0.0 0.0 0.0
12475.0 2.96502e-27 0.0 0.0 0.0 0.0
12525.0 2.96687e-27 0.0 0.0 0.0 0.0
12575.0 2.96872e-27 0.0 0.0 0.0 0.0
12625.0 2.97056e-27 0.0 0.0 0.0 0.0
12675.0 2.9724e-27 0.0 0.0 0.0 0.0
12725.0 2.97423e-27 0.0 0.0 0.0 0.0
12775.0 2.97605e-27 0.0 0.0 0.0 0.0
12825.0 2.97787e-27 8.54358e-26 0.0 0.0 0.0
12875.0 2.97968e-27 0.0 0.0 0.0 0.0
12925.0 2.98149e-27 0.0 0.0 0.0 0.0
12975.0 2.98329e-27 0.0 0.0 0.0 0.0
13025.0 2.98508e-27 0.0 0.0 0.0 0.0
13075.0 2.98687e-27 0.0 0.0 0.0 0.0
13125.0 2.98865e-27 0.0 0.0 0.0 0.0
13175.0 2.99043e-27 0.0 0.0 0.0 0.0
13225.0 2.99219e-27 0.0 0.0 0.0 0.0
13275.0 2.99396e-27 0.0 0.0 0.0 0.0
13325.0 2.99571e-27 0.0 0.0 0.0 0.0
13375.0 2.99746e-27 0.0 0.0 0.0 0.0
13425.0 2.9992e-27 0.0 0.0 0.0 0.0
13475.0 3.00094e-27 0.0 0.0 0.0 0.0
13525.0 3.00267e-27 0.0 0.0 0.0 0.0
13575.0 3.00439e-27 0.0 0.0 0.0 0.0
13625.0 3.00611e-27 0.0 0.0 0.0 0.0
13675.0 3.00782e-27 0.0 0.0 0.0 0.0
13725.0 3.00952e-27 0.0 0.0 0.0 0.0
13775.0 3.01122e-27 0.0 0.0 0.0 0.0
13825.0 3.01291e-27 0.0 0.0 0.0 0.0
13875.0 3.0146e-27 0.0 0.0 0.0 0.0
13925.0 3.01627e-27 0.0 0.0 0.0 0.0
13975.0 3.01795e-27 0.0 0.0 0.0 0.0
14025.0 3.01961e-27 0.0 0.0 0.0 0.0
14075.0 3.02127e-27 0.0 0.0 0.0 0.0
14125.0 3.02292e-27 0.0 0.0 0.0 0.0
14175.0 3.02457e-27 0.0 0.0 0.0 0.0
14225.0 3.02621e-27 0.0 0.0 0.0 0.0
14275.0 3.02784e-27 0.0 0.0 0.0 0.0
14325.0 3.02947e-27 0.0 0.0 0.0 0.0
14375.0 3.0311e-27 0.0 0.0 0.0 0.0
14425.0 3.03271e-27 0.0 0.0 0.0 0.0
14475.0 3.03432e-27 0.0 0.0 0.0 0.0
14525.0 3.03592e-27 0.0 0.0 0.0 0.0
14570.0 3.03736e-27 0.0 0.0 0.0 0.0
14620.0 3.03895e-27 0.0 0.0 0.0 0.0
14675.0 3.0407e-27 0.0 0.0 0.0 0.0
14725.0 3.04228e-27 0.0 0.0 0.0 0.0
14775.0 3.04385e-27 0.0 0.0 0.0 0.0
14825.0 3.04542e-27 0.0 0.0 0.0 0.0
14875.0 3.04698e-27 0.0 0.0 0.0 0.0
14925.0 3.04854e-27 0.0 0.0 0.0 0.0
14975.0 3.05009e-27 0.0 0.0 0.0 0.0
15025.0 3.05163e-27 0.0 0.0 0.0 0.0
15075.0 3.05317e-27 0.0 0.0 0.0 0.0
15125.0 3.0547e-27 0.0 0.0 0.0 0.0
15175.0 3.05623e-27 8.21888e-28 0.0 0.0 0.0
15225.0 3.05775e-27 0.0 0.0 0.0 0.0
15275.0 3.05926e-27 0.0 0.0 0.0 0.0
15325.0 3.06077e-27 0.0 0.0 0.0 0.0
15375.0 3.06228e-27 0.0 0.0 0.0 0.0
15425.0 3.06378e-27 0.0 0.0 0.0 0.0
15475.0 3.06527e-27 0.0 0.0 0.0 0.0
15525.0 3.06676e-27 0.0 0.0 0.0 0.0
15575.0 3.06824e-27 0.0 0.0 0.0 0.0
15625.0 3.06972e-27 0.0 0.0 0.0 0.0
15675.0 3.07119e-27 2.08273e-27 0.0 0.0 0.0
15725.0 3.07265e-27 0.0 0.0 0.0 0.0
15775.0 3.07411e-27 0.0 0.0 0.0 0.0
15825.0 3.07557e-27 0.0 0.0 0.0 0.0
15875.0 3.07702e-27 0.0 0.0 0.0 0.0
15925.0 3.07846e-27 0.0 0.0 0.0 0.0
15975.0 3.0799e-27 0.0 0.0 0.0 0.0
16050.0 3.08205e-27 0.0 0.0 0.0 0.0
16150.0 3.0849e-27 0.0 0.0 0.0 0.0
16250.0 3.08773e-27 0.0 0.0 0.0 0.0
16350.0 3.09053e-27 0.0 0.0 0.0 0.0
16450.0 3.09332e-27 0.0 0.0 0.0 0.0
16550.0 3.09609e-27 0.0 0.0 0.0 0.0
16650.0 3.09883e-27 0.0 0.0 0.0 0.0
16750.0 3.10156e-27 0.0 0.0 0.0 0.0
16850.0 3.10427e-27 0.0 0.0 0.0 0.0
16950.0 3.10696e-27 0.0 0.0 0.0 0.0
17050.0 3.10963e-27 0.0 0.0 0.0 0.0
17150.0 3.11229e-27 0.0 0.0 0.0 0.0
17250.0 3.11492e-27 0.0 0.0 0.0 0.0
17350.0 3.11754e-27 4.38381e-27 0.0 0.0 0.0
17450.0 3.12013e-27 0.0 0.0 0.0 0.0
17550.0 3.12272e-27 0.0 0.0 0.0 0.0
17650.0 3.12528e-27 0.0 0.0 0.0 0.0
17750.0 3.12782e-27 0.0 0.0 0.0 0.0
17850.0 3.13035e-27 0.0 0.0 0.0 0.0
17950.0 3.13286e-27 0.0 0.0 0.0 0.0
18050.0 3.13536e-27 0.0 0.0 0.0 0.0
18150.0 3.13784e-27 0.0 0.0 0.0 0.0
18250.0 3.1403e-27 0.0 0.0 0.0 0.0
18350.0 3.14274e-27 0.0 0.0 0.0 0.0
18450.0 3.14517e-27 0.0 0.0 0.0 0.0
18550.0 3.14759e-27 0.0 0.0 0.0 0.0
18650.0 3.14998e-27 0.0 0.0 0.0 0.0
18750.0 3.15237e-27 1.89893e-25 0.0 0.0 0.0
18850.0 3.15473e-27 0.0 0.0 0.0 0.0
18950.0 3.15708e-27 0.0 0.0 0.0 0.0
19050.0 3.15942e-27 0.0 0.0 0.0 0.0
19150.0 3.16174e-27 0.0 0.0 0.0 0.0
19250.0 3.16405e-27 0.0 0.0 0.0 0.0
19350.0 3.16634e-27 0.0 0.0 0.0 0.0
19450.0 3.16861e-27 1.10306e-26 0.0 0.0 0.0
19550.0 3.17088e-27 0.0 0.0 0.0 0.0
19650.0 3.17312e-27 0.0 0.0 0.0 0.0
19750.0 3.17536e-27 0.0 0.0 0.0 0.0
19850.0 3.17758e-27 0.0 0.0 0.0 0.0
19950.0 3.17978e-27 0.0 0.0 0.0 0.0
20050.0 3.18197e-27 0.0 0.0 0.0 0.0
20150.0 3.18415e-27 0.0 0.0 0.0 0.0
20250.0 3.18631e-27 0.0 0.0 0.0 0.0
20350.0 3.18847e-27 0.0 0.0 0.0 0.0
20450.0 3.1906e-27 0.0 0.0 0.0 0.0
20550.0 3.19273e-27 0.0 0.0 0.0 0.0
20650.0 3.19484e-27 0.0 0.0 0.0 0.0
20750.0 3.19694e-27 0.0 0.0 0.0 0.0
20850.0 3.19902e-27 0.0 0.0 0.0 0.0
20950.0 3.20109e-27 0.0 0.0 0.0 0.0
21050.0 3.20315e-27 0.0 0.0 0.0 0.0
21150.0 3.2052e-27 0.0 0.0 0.0 0.0
21250.0 3.20724e-27 0.0 0.0 0.0 0.0
21350.0 3.20926e-27 0.0 0.0 0.0 0.0
21450.0 3.21127e-27 0.0 0.0 0.0 0.0
21550.0 3.21327e-27 0.0 0.0 0.0 0.0
21650.0 3.21525e-27 2.07619e-26 0.0 0.0 0.0
21750.0 3.21723e-27 0.0 0.0 0.0 0.0
21850.0 3.21919e-27 0.0 0.0 0.0 0.0
21950.0 3.22114e-27 0.0 0.0 0.0 0.0
22050.0 3.22308e-27 0.0 0.0 0.0 0.0
22150.0 3.22501e-27 0.0 0.0 0.0 0.0
22250.0 3.22693e-27 0.0 0.0 0.0 0.0
22350.0 3.22883e-27 0.0 0.0 0.0 0.0
22450.0 3.23072e-27 0.0 0.0 0.0 0.0
22550.0 3.23261e-27 0.0 0.0 0.0 0.0
22650.0 3.23448e-27 0.0 0.0 0.0 0.0
22750.0 3.23634e-27 0.0 0.0 0.0 0.0
22850.0 3.23819e-27 0.0 0.0 0.0 0.0
22950.0 3.24003e-27 0.0 0.0 0.0 0.0
23050.0 3.24186e-27 0.0 0.0 0.0 0.0
23150.0 3.24367e-27 0.0 0.0 0.0 0.0
23250.0 3.24548e-27 0.0 0.0 0.0 0.0
23350.0 3.24728e-27 0.0 0.0 0.0 0.0
23450.0 3.24906e-27 0.0 0.0 0.0 0.0
23550.0 3.25084e-27 0.0 0.0 0.0 0.0
23650.0 3.25261e-27 0.0 0.0 0.0 0.0
23750.0 3.25436e-27 0.0 0.0 0.0 0.0
23850.0 3.25611e-27 0.0 0.0 0.0 0.0
23950.0 3.25784e-27 0.0 0.0 0.0 0.0
24050.0 3.25957e-27 0.0 0.0 0.0 0.0
24150.0 3.26129e-27 0.0 0.0 0.0 0.0
24250.0 3.26299e-27 0.0 0.0 0.0 0.0
24350.0 3.26469e-27 0.0 0.0 0.0 0.0
24450.0 3.26638e-27 0.0 0.0 0.0 0.0
24550.0 3.26805e-27 0.0 0.0 0.0 0.0
24650.0 3.26972e-27 0.0 0.0 0.0 0.0
24750.0 3.27138e-27 0.0 0.0 0.0 0.0
24850.0 3.27303e-27 0.0 0.0 0.0 0.0
24950.0 3.27467e-27 0.0 0.0 0.0 0.0
25050.0 3.2763e-27 0.0 0.0 0.0 0.0
25150.0 3.27793e-27 0.0 0.0 0.0 0.0
25250.0 3.27954e-27 0.0 0.0 0.0 0.0
25350.0 3.28114e-27 0.0 0.0 0.0 0.0
25450.0 3.28274e-27 0.0 0.0 0.0 0.0
25550.0 3.28433e-27 0.0 0.0 0.0 0.0
25650.0 3.2859e-27 0.0 0.0 0.0 0.0
25750.0 3.28747e-27 0.0 0.0 0.0 0.0
25850.0 3.28903e-27 0.0 0.0 0.0 0.0
25950.0 3.29058e-27 0.0 0.0 0.0 0.0
26050.0 3.29213e-27 0.0 0.0 0.0 0.0
26150.0 3.29366e-27 0.0 0.0 0.0 0.0
26250.0 3.29519e-27 4.99548e-26 0.0 0.0 0.0
26350.0 3.29671e-27 0.0 0.0 0.0 0.0
26450.0 3.29822e-27 0.0 0.0 0.0 0.0
26550.0 3.29972e-27 0.0 0.0 0.0 0.0
26650.0 3.30122e-27 0.0 0.0 0.0 0.0
26750.0 3.3027e-27 0.0 0.0 0.0 0.0
26850.0 3.30418e-27 0.0 0.0 0.0 0.0
26950.0 3.30565e-27 0.0 0.0 0.0 0.0
27050.0 3.30711e-27 0.0 0.0 0.0 0.0
27150.0 3.30857e-27 0.0 0.0 0.0 0.0
27250.0 3.31001e-27 0.0 0.0 0.0 0.0
27350.0 3.31145e-27 0.0 0.0 0.0 0.0
27450.0 3.31288e-27 0.0 0.0 0.0 0.0
27550.0 3.31431e-27 0.0 0.0 0.0 0.0
27650.0 3.31572e-27 0.0 0.0 0.0 0.0
27750.0 3.31713e-27 0.0 0.0 0.0 0.0
27850.0 3.31853e-27 0.0 0.0 0.0 0.0
27950.0 3.31992e-27 0.0 0.0 0.0 0.0
28050.0 3.32131e-27 0.0 0.0 0.0 0.0
28150.0 3.32269e-27 0.0 0.0 0.0 0.0
28250.0 3.32406e-27 0.0 0.0 0.0 0.0
28350.0 3.32543e-27 0.0 0.0 0.0 0.0
28450.0 3.32678e-27 0.0 0.0 0.0 0.0
28550.0 3.32813e-27 0.0 0.0 0.0 0.0
28650.0 3.32948e-27 0.0 0.0 0.0 0.0
28750.0 3.33081e-27 0.0 0.0 0.0 0.0
28850.0 3.33214e-27 0.0 0.0 0.0 0.0
28950.0 3.33347e-27 0.0 0.0 0.0 0.0
29050.0 3.33478e-27 0.0 0.0 0.0 0.0
29150.0 3.33609e-27 0.0 0.0 0.0 0.0
29250.0 3.3374e-27 0.0 0.0 0.0 0.0
29350.0 3.33869e-27 0.0 0.0 0.0 0.0
29450.0 3.33998e-27 0.0 0.0 0.0 0.0
29550.0 3.34126e-27 0.0 0.0 0.0 0.0
29650.0 3.34254e-27 0.0 0.0 0.0 0.0
29750.0 3.34381e-27 0.0 0.0 0.0 0.0
29850.0 3.34507e-27 0.0 0.0 0.0 0.0
29950.0 3.34633e-27 0.0 0.0 0.0 0.0
30050.0 3.34779e-27 0.0 0.0 0.0 0.0
30150.0 3.34934e-27 0.0 0.0 0.0 0.0
30250.0 3.35088e-27 0.0 0.0 0.0 0.0
30350.0 3.35241e-27 0.0 0.0 0.0 0.0
30450.0 3.35393e-27 0.0 0.0 0.0 0.0
30550.0 3.35545e-27 0.0 0.0 0.0 0.0
30650.0 3.35696e-27 0.0 0.0 0.0 0.0
30750.0 3.35846e-27 0.0 0.0 0.0 0.0
30850.0 3.35995e-27 0.0 0.0 0.0 0.0
30950.0 3.36143e-27 0.0 0.0 0.0 0.0
31050.0 3.36291e-27 0.0 0.0 0.0 0.0
31150.0 3.36438e-27 0.0 0.0 0.0 0.0
31250.0 3.36584e-27 0.0 0.0 0.0 0.0
31350.0 3.3673e-27 0.0 0.0 0.0 0.0
31450.0 3.36875e-27 0.0 0.0 0.0 0.0
31550.0 3.37019e-27 0.0 0.0 0.0 0.0
31650.0 3.37162e-27 0.0 0.0 0.0 0.0
31750.0 3.37305e-27 0.0 0.0 0.0 0.0
31850.0 3.37447e-27 0.0 0.0 0.0 0.0
31950.0 3.37588e-27 0.0 0.0 0.0 0.0
32100.0 3.37798e-27 0.0 0.0 0.0 0.0
32300.0 3.38077e-27 0.0 0.0 0.0 0.0
32500.0 3.38352e-27 0.0 0.0 0.0 0.0
32700.0 3.38625e-27 0.0 0.0 0.0 0.0
32900.0 3.38895e-27 0.0 0.0 0.0 0.0
33100.0 3.39163e-27 0.0 0.0 0.0 0.0
33300.0 3.39428e-27 0.0 0.0 0.0 0.0
33500.0 3.3969e-27 0.0 0.0 0.0 0.0
33700.0 3.3995e-27 0.0 0.0 0.0 0.0
33900.0 3.40208e-27 0.0 0.0 0.0 0.0
34100.0 3.40463e-27 0.0 0.0 0.0 0.0
34300.0 3.40716e-27 0.0 0.0 0.0 0.0
34500.0 3.40966e-27 0.0 0.0 0.0 0.0
34700.0 3.41214e-27 0.0 0.0 0.0 0.0
34900.0 3.41459e-27 0.0 0.0 0.0 0.0
35100.0 3.41703e-27 0.0 0.0 0.0 0.0
35300.0 3.41944e-27 0.0 0.0 0.0 0.0
35500.0 3.42183e-27 0.0 0.0 0.0 0.0
35700.0 3.42419e-27 0.0 0.0 0.0 0.0
35900.0 3.42654e-27 0.0 0.0 0.0 0.0
36100.0 3.42886e-27 0.0 0.0 0.0 0.0
36300.0 3.43117e-27 0.0 0.0 0.0 0.0
36500.0 3.43345e-27 0.0 0.0 0.0 0.0
36700.0 3.43571e-27 0.0 0.0 0.0 0.0
36900.0 3.43795e-27 0.0 0.0 0.0 0.0
37100.0 3.44017e-27 0.0 0.0 0.0 0.0
37300.0 3.44237e-27 0.0 0.0 0.0 0.0
37500.0 3.44455e-27 0.0 0.0 0.0 0.0
37700.0 3.44672e-27 0.0 0.0 0.0 0.0
37900.0 3.44886e-27 0.0 0.0 0.0 0.0
38100.0 3.45098e-27 0.0 0.0 0.0 0.0
38300.0 3.45309e-27 0.0 0.0 0.0 0.0
38500.0 3.45518e-27 0.0 0.0 0.0 0.0
38700.0 3.45725e-27 0.0 0.0 0.0 0.0
38900.0 3.4593e-27 0.0 0.0 0.0 0.0
39100.0 3.46133e-27 0.0 0.0 0.0 0.0
39300.0 3.46335e-27 0.0 0.0 0.0 0.0
39500.0 3.46535e-27 0.0 0.0 0.0 0.0
39700.0 3.46733e-27 0.0 0.0 0.0 0.0
39900.0 3.4693e-27 0.0 0.0 0.0 0.0
40100.0 3.47125e-27 0.0 0.0 0.0 0.0
40300.0 3.47318e-27 0.0 0.0 0.0 0.0
40500.0 3.4751e-27 1.048e-25 0.0 0.0 0.0
40700.0 3.477e-27 0.0 0.0 0.0 0.0
40900.0 3.47888e-27 0.0 0.0 0.0 0.0
41100.0 3.48075e-27 0.0 0.0 0.0 0.0
41300.0 3.4826e-27 0.0 0.0 0.0 0.0
41500.0 3.48444e-27 0.0 0.0 0.0 0.0
41700.0 3.48627e-27 0.0 0.0 0.0 0.0
41900.0 3.48808e-27 0.0 0.0 0.0 0.0
42100.0 3.48987e-27 0.0 0.0 0.0 0.0
42300.0 3.49165e-27 0.0 0.0 0.0 0.0
42500.0 3.49341e-27 0.0 0.0 0.0 0.0
42700.0 3.49517e-27 0.0 0.0 0.0 0.0
42900.0 3.4969e-27 0.0 0.0 0.0 0.0
43100.0 3.49863e-27 0.0 0.0 0.0 0.0
43300.0 3.50033e-27 0.0 0.0 0.0 0.0
43500.0 3.50203e-27 0.0 0.0 0.0 0.0
43700.0 3.50371e-27 0.0 0.0 0.0 0.0
43900.0 3.50538e-27 0.0 0.0 0.0 0.0
44100.0 3.50704e-27 0.0 0.0 0.0 0.0
44300.0 3.50868e-27 0.0 0.0 0.0 0.0
44500.0 3.51031e-27 0.0 0.0 0.0 0.0
44700.0 3.51193e-27 0.0 0.0 0.0 0.0
44900.0 3.51354e-27 0.0 0.0 0.0 0.0
45100.0 3.51513e-27 0.0 0.0 0.0 0.0
45300.0 3.51671e-27 0.0 0.0 0.0 0.0
45500.0 3.51828e-27 0.0 0.0 0.0 0.0
45700.0 3.51983e-27 0.0 0.0 0.0 0.0
45900.0 3.52138e-27 0.0 0.0 0.0 0.0
46100.0 3.52291e-27 0.0 0.0 0.0 0.0
46300.0 3.52443e-27 0.0 0.0 0.0 0.0
46500.0 3.52594e-27 0.0 0.0 0.0 0.0
46700.0 3.52744e-27 0.0 0.0 0.0 0.0
46900.0 3.52893e-27 0.0 0.0 0.0 0.0
47100.0 3.53041e-27 0.0 0.0 0.0 0.0
47300.0 3.53187e-27 0.0 0.0 0.0 0.0
47500.0 3.53333e-27 0.0 0.0 0.0 0.0
47700.0 3.53477e-27 0.0 0.0 0.0 0.0
47900.0 3.53621e-27 0.0 0.0 0.0 0.0
48100.0 3.53763e-27 0.0 0.0 0.0 0.0
48300.0 3.53904e-27 0.0 0.0 0.0 0.0
48500.0 3.54044e-27 0.0 0.0 0.0 0.0
48700.0 3.54184e-27 0.0 0.0 0.0 0.0
48900.0 3.54322e-27 0.0 0.0 0.0 0.0
49100.0 3.54459e-27 0.0 0.0 0.0 0.0
49300.0 3.54595e-27 0.0 0.0 0.0 0.0
49500.0 3.54731e-27 0.0 0.0 0.0 0.0
49700.0 3.54865e-27 0.0 0.0 0.0 0.0
49900.0 3.54998e-27 0.0 0.0 0.0 0.0
50100.0 3.55131e-27 0.0 0.0 0.0 0.0
50300.0 3.55262e-27 0.0 0.0 0.0 0.0
50500.0 3.55393e-27 0.0 0.0 0.0 0.0
50700.0 3.55523e-27 0.0 0.0 0.0 0.0
50900.0 3.55651e-27 0.0 0.0 0.0 0.0
51100.0 3.55779e-27 0.0 0.0 0.0 0.0
51300.0 3.55906e-27 0.0 0.0 0.0 0.0
51500.0 3.56032e-27 0.0 0.0 0.0 0.0
51700.0 3.56157e-27 0.0 0.0 0.0 0.0
51900.0 3.56282e-27 0.0 0.0 0.0 0.0
52100.0 3.56405e-27 0.0 0.0 0.0 0.0
52300.0 3.56528e-27 0.0 0.0 0.0 0.0
52500.0 3.5665e-27 0.0 0.0 0.0 0.0
52700.0 3.56771e-27 0.0 0.0 0.0 0.0
52900.0 3.56891e-27 0.0 0.0 0.0 0.0
53100.0 3.5701e-27 0.0 0.0 0.0 0.0
53300.0 3.57129e-27 0.0 0.0 0.0 0.0
53500.0 3.57247e-27 0.0 0.0 0.0 0.0
53700.0 3.57364e-27 0.0 0.0 0.0 0.0
53900.0 3.5748e-27 0.0 0.0 0.0 0.0
54100.0 3.57596e-27 0.0 0.0 0.0 0.0
54300.0 3.5771e-27 0.0 0.0 0.0 0.0
54500.0 3.57824e-27 0.0 0.0 0.0 0.0
54700.0 3.57937e-27 0.0 0.0 0.0 0.0
54900.0 3.5805e-27 0.0 0.0 0.0 0.0
55100.0 3.58162e-27 0.0 0.0 0.0 0.0
55300.0 3.58273e-27 0.0 0.0 0.0 0.0
55500.0 3.58383e-27 0.0 0.0 0.0 0.0
55700.0 3.58492e-27 0.0 0.0 0.0 0.0
55900.0 3.58601e-27 0.0 0.0 0.0 0.0
56100.0 3.58709e-27 0.0 0.0 0.0 0.0
56300.0 3.58817e-27 0.0 0.0 0.0 0.0
56500.0 3.58924e-27 0.0 0.0 0.0 0.0
56700.0 3.5903e-27 0.0 0.0 0.0 0.0
56900.0 3.59135e-27 0.0 0.0 0.0 0.0
57100.0 3.5924e-27 0.0 0.0 0.0 0.0
57300.0 3.59344e-27 0.0 0.0 0.0 0.0
57500.0 3.59447e-27 0.0 0.0 0.0 0.0
57700.0 3.5955e-27 0.0 0.0 0.0 0.0
57900.0 3.59652e-27 0.0 0.0 0.0 0.0
58100.0 3.59754e-27 0.0 0.0 0.0 0.0
58300.0 3.59855e-27 0.0 0.0 0.0 0.0
58500.0 3.59955e-27 0.0 0.0 0.0 0.0
58700.0 3.60055e-27 0.0 0.0 0.0 0.0
58900.0 3.60154e-27 0.0 0.0 0.0 0.0
59100.0 3.60252e-27 0.0 0.0 0.0 0.0
59300.0 3.6035e-27 0.0 0.0 0.0 0.0
59500.0 3.60447e-27 0.0 0.0 0.0 0.0
59700.0 3.60544e-27 0.0 0.0 0.0 0.0
59900.0 3.6064e-27 0.0 0.0 0.0 0.0
60100.0 3.60735e-27 0.0 0.0 0.0 0.0
60300.0 3.6083e-27 0.0 0.0 0.0 0.0
60500.0 3.60924e-27 0.0 0.0 0.0 0.0
60700.0 3.61018e-27 0.0 0.0 0.0 0.0
60900.0 3.61111e-27 0.0 0.0 0.0 0.0
61100.0 3.61204e-27 0.0 0.0 0.0 0.0
61300.0 3.61296e-27 0.0 0.0 0.0 0.0
61500.0 3.61388e-27 0.0 0.0 0.0 0.0
61700.0 3.61479e-27 0.0 0.0 0.0 0.0
61900.0 3.61569e-27 0.0 0.0 0.0 0.0
62100.0 3.61659e-27 0.0 0.0 0.0 0.0
62300.0 3.61748e-27 0.0 0.0 0.0 0.0
62500.0 3.61837e-27 0.0 0.0 0.0 0.0
62700.0 3.61925e-27 0.0 0.0 0.0 0.0
62900.0 3.62013e-27 0.0 0.0 0.0 0.0
63100.0 3.62101e-27 0.0 0.0 0.0 0.0
63300.0 3.62187e-27 0.0 0.0 0.0 0.0
63500.0 3.62274e-27 0.0 0.0 0.0 0.0
63700.0 3.6236e-27 0.0 0.0 0.0 0.0
63900.0 3.62445e-27 0.0 0.0 0.0 0.0
64200.0 3.62572e-27 0.0 0.0 0.0 0.0
64600.0 3.6274e-27 0.0 0.0 0.0 0.0
65000.0 3.62906e-27 0.0 0.0 0.0 0.0
65400.0 3.6307e-27 0.0 0.0 0.0 0.0
65800.0 3.63232e-27 0.0 0.0 0.0 0.0
66200.0 3.63392e-27 0.0 0.0 0.0 0.0
66600.0 3.63551e-27 0.0 0.0 0.0 0.0
67000.0 3.63708e-27 0.0 0.0 0.0 0.0
67400.0 3.63863e-27 0.0 0.0 0.0 0.0
67800.0 3.64016e-27 0.0 0.0 0.0 0.0
68200.0 3.64168e-27 0.0 0.0 0.0 0.0
68600.0 3.64318e-27 0.0 0.0 0.0 0.0
69000.0 3.64467e-27 0.0 0.0 0.0 0.0
69400.0 3.64614e-27 0.0 0.0 0.0 0.0
69800.0 3.64759e-27 0.0 0.0 0.0 0.0
70200.0 3.64903e-27 0.0 0.0 0.0 0.0
70600.0 3.65045e-27 0.0 0.0 0.0 0.0
71000.0 3.65186e-27 0.0 0.0 0.0 0.0
71400.0 3.65325e-27 0.0 0.0 0.0 0.0
71800.0 3.65463e-27 0.0 0.0 0.0 0.0
72200.0 3.656e-27 0.0 0.0 0.0 0.0
72600.0 3.65735e-27 0.0 0.0 0.0 0.0
73000.0 3.65869e-27 0.0 0.0 0.0 0.0
73400.0 3.66001e-27 0.0 0.0 0.0 0.0
73800.0 3.66132e-27 0.0 0.0 0.0 0.0
74200.0 3.66262e-27 0.0 0.0 0.0 0.0
74600.0 3.6639e-27 0.0 0.0 0.0 0.0
75000.0 3.66518e-27 0.0 0.0 0.0 0.0
75400.0 3.66644e-27 0.0 0.0 0.0 0.0
75800.0 3.66768e-27 0.0 0.0 0.0 0.0
76200.0 3.66892e-27 0.0 0.0 0.0 0.0
76600.0 3.67014e-27 0.0 0.0 0.0 0.0
77000.0 3.67135e-27 0.0 0.0 0.0 0.0
77400.0 3.67255e-27 0.0 0.0 0.0 0.0
77800.0 3.67374e-27 0.0 0.0 0.0 0.0
78200.0 3.67491e-27 0.0 0.0 0.0 0.0
78600.0 3.67608e-27 0.0 0.0 0.0 0.0
79000.0 3.67723e-27 0.0 0.0 0.0 0.0
79400.0 3.67837e-27 0.0 0.0 0.0 0.0
79800.0 3.67951e-27 0.0 0.0 0.0 0.0
80200.0 3.68063e-27 0.0 0.0 0.0 0.0
80600.0 3.68174e-27 0.0 0.0 0.0 0.0
81000.0 3.68284e-27 0.0 0.0 0.0 0.0
81400.0 3.68393e-27 0.0 0.0 0.0 0.0
81800.0 3.68501e-27 0.0 0.0 0.0 0.0
82200.0 3.68608e-27 0.0 0.0 0.0 0.0
82600.0 3.68714e-27 0.0 0.0 0.0 0.0
83000.0 3.6882e-27 0.0 0.0 0.0 0.0
83400.0 3.68924e-27 0.0 0.0 0.0 0.0
83800.0 3.69027e-27 0.0 0.0 0.0 0.0
84200.0 3.69129e-27 0.0 0.0 0.0 0.0
84600.0 3.69231e-27 0.0 0.0 0.0 0.0
85000.0 3.69331e-27 0.0 0.0 0.0 0.0
85400.0 3.69431e-27 0.0 0.0 0.0 0.0
85800.0 3.6953e-27 0.0 0.0 0.0 0.0
86200.0 3.69628e-27 0.0 0.0 0.0 0.0
86600.0 3.69725e-27 0.0 0.0 0.0 0.0
87000.0 3.69821e-27 0.0 0.0 0.0 0.0
87400.0 3.69916e-27 0.0 0.0 0.0 0.0
87800.0 3.70011e-27 0.0 0.0 0.0 0.0
88200.0 3.70105e-27 0.0 0.0 0.0 0.0
88600.0 3.70198e-27 0.0 0.0 0.0 0.0
89000.0 3.7029e-27 0.0 0.0 0.0 0.0
89400.0 3.70381e-27 0.0 0.0 0.0 0.0
89800.0 3.70472e-27 0.0 0.0 0.0 0.0
90200.0 3.70562e-27 0.0 0.0 0.0 0.0
90600.0 3.70651e-27 0.0 0.0 0.0 0.0
91000.0 3.70739e-27 0.0 0.0 0.0 0.0
91400.0 3.70827e-27 0.0 0.0 0.0 0.0
91800.0 3.70914e-27 0.0 0.0 0.0 0.0
92200.0 3.71e-27 0.0 0.0 0.0 0.0
92600.0 3.71085e-27 0.0 0.0 0.0 0.0
93000.0 3.7117e-27 0.0 0.0 0.0 0.0
93400.0 3.71254e-27 0.0 0.0 0.0 0.0
93800.0 3.71338e-27 0.0 0.0 0.0 0.0
94200.0 3.7142e-27 0.0 0.0 0.0 0.0
94600.0 3.71503e-27 0.0 0.0 0.0 0.0
95000.0 3.71584e-27 0.0 0.0 0.0 0.0
95400.0 3.71665e-27 0.0 0.0 0.0 0.0
95800.0 3.71745e-27 0.0 0.0 0.0 0.0
96200.0 3.71824e-27 0.0 0.0 0.0 0.0
96600.0 3.71903e-27 0.0 0.0 0.0 0.0
97000.0 3.71982e-27 0.0 0.0 0.0 0.0
97400.0 3.72059e-27 0.0 0.0 0.0 0.0
97800.0 3.72136e-27 0.0 0.0 0.0 0.0
98200.0 3.72213e-27 0.0 0.0 0.0 0.0
98600.0 3.72289e-27 0.0 0.0 0.0 0.0
99000.0 3.72364e-27 0.0 0.0 0.0 0.0
99400.0 3.72439e-27 0.0 0.0 0.0 0.0
99800.0 3.72513e-27 0.0 0.0 0.0 0.0
100200.0 3.4588e-27 0.0 0.0 0.0 0.0
200000.0 1.09043e-29 0.0 0.0 0.0 0.0
400000.0 8.81191e-30 0.0 0.0 0.0 0.0
600000.0 8.19184e-30 0.0 0.0 0.0 0.0
800000.0 7.89527e-30 0.0 0.0 0.0 0.0
1e+06 8.10811e-38 0.0 0.0 0.0 0.0
1.2e+06 8.10811e-38 0.0 0.0 0.0 0.0
1.4e+06 8.10811e-38 0.0 0.0 0.0 0.0
1.6e+06 8.10811e-38 0.0 0.0 0.0 0.0
2e+06 8.10811e-38 0.0 0.0 0.0 0.0
2.5e+06 8.10811e-38 0.0 0.0 0.0 0.0
3e+06 8.10811e-38 0.0 0.0 0.0 0.0
4e+06 8.10811e-38 0.0 0.0 0.0 0.0
5e+06 8.10811e-38 0.0 0.0 0.0 0.0
7e+06 8.10811e-38 0.0 0.0 0.0 0.0
1e+07 8.10811e-38 0.0 0.0 0.0 0.0
1.5e+07 8.10811e-38 0.0 0.0 0.0 0.0
2.25e+07 8.10811e-38 0.0 0.0 0.0 0.0
3.35e+07 8.10811e-38 0.0 0.0 0.0 0.0
5e+07 8.10811e-38 0.0 0.0 0.0 0.0
7.4e+07 8.10811e-38 0.0 0.0 0.0 0.0
1.1e+08 8.10811e-38 0.0 0.0 0.0 0.0
1.3e+08 8.10811e-38 0.0 0.0 0.0 0.0
1.6e+08 8.10811e-38 0.0 0.0 0.0 0.0
2.4e+08 8.10811e-38 0.0 0.0 0.0 0.0
3.6e+08 8.10811e-38 0.0 0.0 0.0 0.0
